Iter  | Wout Imp | LB         | Lagr Cost | Real Cost | UB     | Step   | Lambda   | Feasibility | Time      | 
1     | 0        | 41.000000  | 41.000000 | 41.000000 | 84.000 | 0.0000 | 2.000000 | NO          | 51.936338 | 
2     | 1        | 41.000000  | 35.524804 | 41.000000 | 84.000 | 0.1368 | 2.000000 | NO          | 52.106677 | 
3     | 0        | 46.823001  | 46.823001 | 41.000000 | 84.000 | 0.1282 | 2.000000 | NO          | 52.277788 | 
4     | 0        | 52.715089  | 52.715089 | 59.000000 | 84.000 | 0.1061 | 2.000000 | NO          | 52.439571 | 
5     | 1        | 52.715089  | 49.643475 | 47.000000 | 84.000 | 0.0835 | 2.000000 | NO          | 52.601053 | 
6     | 0        | 54.336156  | 54.336156 | 47.000000 | 84.000 | 0.1236 | 2.000000 | NO          | 52.753696 | 
7     | 1        | 54.336156  | 52.373705 | 56.000000 | 84.000 | 0.0939 | 2.000000 | NO          | 52.908087 | 
8     | 0        | 56.429965  | 56.429965 | 60.000000 | 84.000 | 0.0946 | 2.000000 | NO          | 53.066415 | 
9     | 1        | 56.429965  | 54.633883 | 51.000000 | 84.000 | 0.1010 | 2.000000 | NO          | 53.219011 | 
10    | 2        | 56.429965  | 55.193952 | 57.000000 | 84.000 | 0.1053 | 2.000000 | NO          | 53.376992 | 
11    | 0        | 56.568502  | 56.568502 | 55.000000 | 84.000 | 0.1055 | 2.000000 | NO          | 53.535650 | 
12    | 0        | 57.765054  | 57.765054 | 68.000000 | 84.000 | 0.0973 | 2.000000 | NO          | 53.689324 | 
13    | 0        | 59.057306  | 59.057306 | 54.000000 | 84.000 | 0.0930 | 2.000000 | NO          | 53.843450 | 
14    | 1        | 59.057306  | 58.642066 | 57.000000 | 84.000 | 0.0988 | 2.000000 | NO          | 53.996086 | 
15    | 2        | 59.057306  | 58.208610 | 53.000000 | 84.000 | 0.0651 | 2.000000 | NO          | 54.148725 | 
16    | 0        | 60.313499  | 60.313499 | 67.000000 | 84.000 | 0.0982 | 2.000000 | NO          | 54.457882 | 
17    | 1        | 60.313499  | 59.983335 | 65.000000 | 84.000 | 0.0892 | 2.000000 | NO          | 54.610667 | 
18    | 2        | 60.313499  | 59.025192 | 51.000000 | 84.000 | 0.0878 | 2.000000 | NO          | 54.763806 | 
19    | 3        | 60.313499  | 59.252765 | 54.000000 | 84.000 | 0.0830 | 2.000000 | NO          | 54.924339 | 
20    | 4        | 60.313499  | 59.916688 | 63.000000 | 84.000 | 0.0898 | 2.000000 | NO          | 55.077584 | 
21    | 5        | 60.313499  | 59.527412 | 65.000000 | 84.000 | 0.0776 | 2.000000 | NO          | 55.231644 | 
22    | 6        | 60.313499  | 59.920305 | 53.000000 | 84.000 | 0.0942 | 2.000000 | NO          | 55.383923 | 
23    | 7        | 60.313499  | 58.416130 | 73.000000 | 84.000 | 0.0808 | 2.000000 | NO          | 55.543324 | 
24    | 8        | 60.313499  | 59.196083 | 55.000000 | 84.000 | 0.0755 | 2.000000 | NO          | 55.698577 | 
25    | 9        | 60.313499  | 60.113132 | 65.000000 | 84.000 | 0.0835 | 2.000000 | NO          | 55.854182 | 
26    | 10       | 60.313499  | 59.964645 | 53.000000 | 84.000 | 0.0894 | 2.000000 | NO          | 56.008842 | 
27    | 0        | 61.089765  | 61.089765 | 75.000000 | 84.000 | 0.0839 | 2.000000 | NO          | 56.162223 | 
28    | 1        | 61.089765  | 59.107134 | 57.000000 | 84.000 | 0.0812 | 2.000000 | NO          | 56.315431 | 
29    | 2        | 61.089765  | 58.814367 | 53.000000 | 84.000 | 0.0913 | 2.000000 | NO          | 56.474066 | 
30    | 3        | 61.089765  | 60.963945 | 62.000000 | 84.000 | 0.0772 | 2.000000 | NO          | 56.635617 | 
31    | 4        | 61.089765  | 59.388916 | 68.000000 | 84.000 | 0.0877 | 2.000000 | NO          | 56.808177 | 
32    | 0        | 62.092840  | 62.092840 | 63.000000 | 84.000 | 0.0873 | 2.000000 | NO          | 56.961188 | 
33    | 1        | 62.092840  | 59.075446 | 57.000000 | 84.000 | 0.0708 | 2.000000 | NO          | 57.114583 | 
34    | 2        | 62.092840  | 60.064783 | 61.000000 | 84.000 | 0.0834 | 2.000000 | NO          | 57.267261 | 
35    | 3        | 62.092840  | 61.331653 | 65.000000 | 84.000 | 0.0800 | 2.000000 | NO          | 57.420486 | 
36    | 4        | 62.092840  | 61.668710 | 57.000000 | 84.000 | 0.0869 | 2.000000 | NO          | 57.572977 | 
37    | 5        | 62.092840  | 58.987714 | 62.000000 | 84.000 | 0.0712 | 2.000000 | NO          | 57.728388 | 
38    | 6        | 62.092840  | 60.615748 | 69.000000 | 84.000 | 0.0904 | 2.000000 | NO          | 57.881236 | 
39    | 7        | 62.092840  | 61.138702 | 57.000000 | 84.000 | 0.0792 | 2.000000 | NO          | 58.033851 | 
40    | 8        | 62.092840  | 59.694148 | 61.000000 | 84.000 | 0.0692 | 2.000000 | NO          | 58.187365 | 
41    | 9        | 62.092840  | 60.306607 | 65.000000 | 84.000 | 0.0818 | 2.000000 | NO          | 58.339910 | 
42    | 10       | 62.092840  | 60.235016 | 57.000000 | 84.000 | 0.0815 | 2.000000 | NO          | 58.492505 | 
43    | 11       | 62.092840  | 61.497154 | 62.000000 | 84.000 | 0.0828 | 2.000000 | NO          | 58.647364 | 
44    | 12       | 62.092840  | 60.975533 | 75.000000 | 84.000 | 0.0813 | 2.000000 | NO          | 58.800825 | 
45    | 13       | 62.092840  | 61.009703 | 53.000000 | 84.000 | 0.0860 | 2.000000 | NO          | 58.953321 | 
46    | 14       | 62.092840  | 61.488283 | 63.000000 | 84.000 | 0.0742 | 2.000000 | NO          | 59.111620 | 
47    | 15       | 62.092840  | 61.439376 | 73.000000 | 84.000 | 0.0815 | 2.000000 | NO          | 59.270737 | 
48    | 0        | 62.565835  | 62.565835 | 61.000000 | 84.000 | 0.0740 | 2.000000 | NO          | 59.423687 | 
49    | 1        | 62.565835  | 62.444045 | 73.000000 | 84.000 | 0.0801 | 2.000000 | NO          | 59.578469 | 
50    | 2        | 62.565835  | 60.058727 | 68.000000 | 84.000 | 0.0597 | 2.000000 | NO          | 59.731502 | 
51    | 3        | 62.565835  | 59.118437 | 57.000000 | 84.000 | 0.0871 | 2.000000 | NO          | 59.890279 | 
52    | 4        | 62.565835  | 62.290157 | 74.000000 | 84.000 | 0.0833 | 2.000000 | NO          | 60.049335 | 
53    | 0        | 62.962467  | 62.962467 | 59.000000 | 84.000 | 0.0778 | 2.000000 | NO          | 60.204919 | 
54    | 1        | 62.962467  | 60.032890 | 73.000000 | 84.000 | 0.0705 | 2.000000 | NO          | 60.358266 | 
55    | 2        | 62.962467  | 61.394322 | 63.000000 | 84.000 | 0.0810 | 2.000000 | NO          | 60.514198 | 
56    | 3        | 62.962467  | 62.523796 | 56.000000 | 84.000 | 0.0831 | 2.000000 | NO          | 60.684884 | 
57    | 0        | 63.569014  | 63.569014 | 65.000000 | 84.000 | 0.0821 | 2.000000 | NO          | 60.837335 | 
58    | 1        | 63.569014  | 63.234255 | 74.000000 | 84.000 | 0.0787 | 2.000000 | NO          | 60.993462 | 
59    | 2        | 63.569014  | 63.356671 | 53.000000 | 84.000 | 0.0719 | 2.000000 | NO          | 61.146444 | 
60    | 3        | 63.569014  | 62.879059 | 65.000000 | 84.000 | 0.0717 | 2.000000 | NO          | 61.315094 | 
61    | 4        | 63.569014  | 62.065829 | 66.000000 | 84.000 | 0.0764 | 2.000000 | NO          | 61.470544 | 
62    | 0        | 64.100228  | 64.100228 | 63.000000 | 84.000 | 0.0806 | 2.000000 | NO          | 61.623742 | 
63    | 1        | 64.100228  | 61.893569 | 69.000000 | 84.000 | 0.0672 | 2.000000 | NO          | 61.776081 | 
64    | 2        | 64.100228  | 63.515714 | 69.000000 | 84.000 | 0.0839 | 2.000000 | NO          | 61.929444 | 
65    | 3        | 64.100228  | 63.238885 | 63.000000 | 84.000 | 0.0747 | 2.000000 | NO          | 62.082812 | 
66    | 4        | 64.100228  | 61.760722 | 69.000000 | 84.000 | 0.0694 | 2.000000 | NO          | 62.236363 | 
67    | 5        | 64.100228  | 62.104297 | 59.000000 | 84.000 | 0.0759 | 2.000000 | NO          | 62.391113 | 
68    | 6        | 64.100228  | 62.554445 | 77.000000 | 84.000 | 0.0815 | 2.000000 | NO          | 62.545395 | 
69    | 7        | 64.100228  | 63.988433 | 69.000000 | 84.000 | 0.0806 | 2.000000 | NO          | 62.704984 | 
70    | 8        | 64.100228  | 62.311663 | 53.000000 | 84.000 | 0.0633 | 2.000000 | NO          | 62.857975 | 
71    | 9        | 64.100228  | 62.624252 | 79.000000 | 84.000 | 0.0819 | 2.000000 | NO          | 63.010663 | 
72    | 10       | 64.100228  | 63.980073 | 69.000000 | 84.000 | 0.0817 | 2.000000 | NO          | 63.165075 | 
73    | 11       | 64.100228  | 63.039086 | 57.000000 | 84.000 | 0.0728 | 2.000000 | NO          | 63.326111 | 
74    | 12       | 64.100228  | 62.378185 | 70.000000 | 84.000 | 0.0652 | 2.000000 | NO          | 63.478674 | 
75    | 13       | 64.100228  | 61.959734 | 69.000000 | 84.000 | 0.0829 | 2.000000 | NO          | 63.632083 | 
76    | 14       | 64.100228  | 63.903601 | 57.000000 | 84.000 | 0.0787 | 2.000000 | NO          | 63.785070 | 
77    | 15       | 64.100228  | 63.169373 | 79.000000 | 84.000 | 0.0761 | 2.000000 | NO          | 63.938702 | 
78    | 16       | 64.100228  | 63.281856 | 67.000000 | 84.000 | 0.0664 | 2.000000 | NO          | 64.097966 | 
79    | 17       | 64.100228  | 61.276089 | 63.000000 | 84.000 | 0.0707 | 2.000000 | NO          | 64.259657 | 
80    | 18       | 64.100228  | 62.369621 | 61.000000 | 84.000 | 0.0810 | 2.000000 | NO          | 64.412805 | 
81    | 19       | 64.100228  | 61.260454 | 73.000000 | 84.000 | 0.0686 | 2.000000 | NO          | 64.565831 | 
82    | 20       | 64.100228  | 61.732560 | 71.000000 | 84.000 | 0.0860 | 2.000000 | NO          | 64.718987 | 
83    | 21       | 64.100228  | 63.573604 | 69.000000 | 84.000 | 0.0834 | 2.000000 | NO          | 64.879032 | 
84    | 22       | 64.100228  | 63.673744 | 57.000000 | 84.000 | 0.0788 | 2.000000 | NO          | 65.031751 | 
85    | 23       | 64.100228  | 61.959041 | 73.000000 | 84.000 | 0.0673 | 2.000000 | NO          | 65.184575 | 
86    | 24       | 64.100228  | 60.859055 | 69.000000 | 84.000 | 0.0706 | 2.000000 | NO          | 65.345221 | 
87    | 25       | 64.100228  | 62.227477 | 73.000000 | 84.000 | 0.0789 | 2.000000 | NO          | 65.502301 | 
88    | 26       | 64.100228  | 61.033090 | 68.000000 | 84.000 | 0.0797 | 2.000000 | NO          | 65.661018 | 
89    | 27       | 64.100228  | 61.934221 | 57.000000 | 84.000 | 0.0782 | 2.000000 | NO          | 65.814079 | 
90    | 28       | 64.100228  | 62.744471 | 77.000000 | 84.000 | 0.0775 | 2.000000 | NO          | 65.980619 | 
91    | 29       | 64.100228  | 63.334593 | 77.000000 | 84.000 | 0.0808 | 2.000000 | NO          | 66.140537 | 
92    | 30       | 64.100228  | 62.861245 | 57.000000 | 84.000 | 0.0779 | 2.000000 | NO          | 66.295177 | 
93    | 1        | 64.100228  | 63.712608 | 63.000000 | 84.000 | 0.0323 | 1.000000 | NO          | 66.448018 | 
94    | 2        | 64.100228  | 64.086350 | 69.000000 | 84.000 | 0.0362 | 1.000000 | NO          | 66.601231 | 
95    | 0        | 64.915257  | 64.915257 | 57.000000 | 84.000 | 0.0320 | 1.000000 | NO          | 66.759962 | 
96    | 0        | 65.369210  | 65.369210 | 76.000000 | 84.000 | 0.0349 | 1.000000 | NO          | 66.913219 | 
97    | 1        | 65.369210  | 65.221515 | 57.000000 | 84.000 | 0.0327 | 1.000000 | NO          | 67.065943 | 
98    | 2        | 65.369210  | 64.575627 | 69.000000 | 84.000 | 0.0337 | 1.000000 | NO          | 67.221587 | 
99    | 0        | 65.689320  | 65.689320 | 63.000000 | 84.000 | 0.0365 | 1.000000 | NO          | 67.382226 | 
100   | 1        | 65.689320  | 65.320651 | 72.000000 | 84.000 | 0.0326 | 1.000000 | NO          | 67.535488 | 
101   | 2        | 65.689320  | 65.485710 | 69.000000 | 84.000 | 0.0343 | 1.000000 | NO          | 67.688351 | 
102   | 3        | 65.689320  | 64.969145 | 63.000000 | 84.000 | 0.0294 | 1.000000 | NO          | 67.841015 | 
103   | 4        | 65.689320  | 64.971140 | 61.000000 | 84.000 | 0.0350 | 1.000000 | NO          | 67.993642 | 
104   | 5        | 65.689320  | 64.468028 | 67.000000 | 84.000 | 0.0308 | 1.000000 | NO          | 68.149349 | 
105   | 0        | 66.233730  | 66.233730 | 69.000000 | 84.000 | 0.0385 | 1.000000 | NO          | 68.309032 | 
106   | 1        | 66.233730  | 65.571462 | 63.000000 | 84.000 | 0.0333 | 1.000000 | NO          | 68.463133 | 
107   | 2        | 66.233730  | 65.659851 | 63.000000 | 84.000 | 0.0329 | 1.000000 | NO          | 68.616195 | 
108   | 3        | 66.233730  | 64.835210 | 77.000000 | 84.000 | 0.0279 | 1.000000 | NO          | 68.775423 | 
109   | 4        | 66.233730  | 65.231574 | 67.000000 | 84.000 | 0.0359 | 1.000000 | NO          | 68.928091 | 
110   | 5        | 66.233730  | 64.765753 | 59.000000 | 84.000 | 0.0320 | 1.000000 | NO          | 69.083219 | 
111   | 0        | 66.238882  | 66.238882 | 71.000000 | 84.000 | 0.0370 | 1.000000 | NO          | 69.236434 | 
112   | 1        | 66.238882  | 65.327381 | 70.000000 | 84.000 | 0.0331 | 1.000000 | NO          | 69.389867 | 
113   | 2        | 66.238882  | 65.827707 | 77.000000 | 84.000 | 0.0364 | 1.000000 | NO          | 69.549897 | 
114   | 3        | 66.238882  | 64.516252 | 57.000000 | 84.000 | 0.0315 | 1.000000 | NO          | 69.702731 | 
115   | 4        | 66.238882  | 64.887479 | 73.000000 | 84.000 | 0.0295 | 1.000000 | NO          | 69.855844 | 
116   | 5        | 66.238882  | 64.985649 | 63.000000 | 84.000 | 0.0360 | 1.000000 | NO          | 70.011179 | 
117   | 6        | 66.238882  | 65.628565 | 58.000000 | 84.000 | 0.0364 | 1.000000 | NO          | 70.164186 | 
118   | 7        | 66.238882  | 65.120498 | 73.000000 | 84.000 | 0.0320 | 1.000000 | NO          | 70.318008 | 
119   | 8        | 66.238882  | 65.298143 | 73.000000 | 84.000 | 0.0302 | 1.000000 | NO          | 70.477364 | 
120   | 9        | 66.238882  | 64.894305 | 63.000000 | 84.000 | 0.0320 | 1.000000 | NO          | 70.640130 | 
121   | 10       | 66.238882  | 65.059459 | 57.000000 | 84.000 | 0.0337 | 1.000000 | NO          | 70.798980 | 
122   | 11       | 66.238882  | 65.820877 | 77.000000 | 84.000 | 0.0350 | 1.000000 | NO          | 70.955272 | 
123   | 12       | 66.238882  | 65.022512 | 63.000000 | 84.000 | 0.0350 | 1.000000 | NO          | 71.114149 | 
124   | 13       | 66.238882  | 65.179665 | 73.000000 | 84.000 | 0.0329 | 1.000000 | NO          | 71.267350 | 
125   | 14       | 66.238882  | 64.921618 | 73.000000 | 84.000 | 0.0306 | 1.000000 | NO          | 71.426512 | 
126   | 15       | 66.238882  | 65.268298 | 61.000000 | 84.000 | 0.0357 | 1.000000 | NO          | 71.582772 | 
127   | 16       | 66.238882  | 64.954312 | 67.000000 | 84.000 | 0.0289 | 1.000000 | NO          | 71.736770 | 
128   | 17       | 66.238882  | 65.321356 | 73.000000 | 84.000 | 0.0367 | 1.000000 | NO          | 71.890134 | 
129   | 18       | 66.238882  | 65.838511 | 71.000000 | 84.000 | 0.0336 | 1.000000 | NO          | 72.051603 | 
130   | 19       | 66.238882  | 65.191534 | 71.000000 | 84.000 | 0.0339 | 1.000000 | NO          | 72.205904 | 
131   | 20       | 66.238882  | 65.941946 | 57.000000 | 84.000 | 0.0362 | 1.000000 | NO          | 72.359064 | 
132   | 21       | 66.238882  | 65.247941 | 79.000000 | 84.000 | 0.0336 | 1.000000 | NO          | 72.511548 | 
133   | 22       | 66.238882  | 65.149148 | 80.000000 | 84.000 | 0.0254 | 1.000000 | NO          | 72.665306 | 
134   | 23       | 66.238882  | 64.741163 | 63.000000 | 84.000 | 0.0340 | 1.000000 | NO          | 72.818498 | 
135   | 24       | 66.238882  | 65.242244 | 61.000000 | 84.000 | 0.0344 | 1.000000 | NO          | 72.973537 | 
136   | 25       | 66.238882  | 65.385844 | 63.000000 | 84.000 | 0.0336 | 1.000000 | NO          | 73.126679 | 
137   | 26       | 66.238882  | 65.494923 | 79.000000 | 84.000 | 0.0344 | 1.000000 | NO          | 73.285865 | 
138   | 27       | 66.238882  | 65.617500 | 57.000000 | 84.000 | 0.0334 | 1.000000 | NO          | 73.439163 | 
139   | 28       | 66.238882  | 65.885823 | 70.000000 | 84.000 | 0.0350 | 1.000000 | NO          | 73.592719 | 
140   | 29       | 66.238882  | 65.551822 | 63.000000 | 84.000 | 0.0330 | 1.000000 | NO          | 73.745325 | 
141   | 30       | 66.238882  | 65.798162 | 67.000000 | 84.000 | 0.0354 | 1.000000 | NO          | 73.899821 | 
142   | 1        | 66.238882  | 65.832685 | 69.000000 | 84.000 | 0.0164 | 0.500000 | NO          | 74.053573 | 
143   | 0        | 66.312051  | 66.312051 | 71.000000 | 84.000 | 0.0170 | 0.500000 | NO          | 74.207177 | 
144   | 1        | 66.312051  | 66.241959 | 57.000000 | 84.000 | 0.0170 | 0.500000 | NO          | 74.359877 | 
145   | 0        | 66.322362  | 66.322362 | 63.000000 | 84.000 | 0.0138 | 0.500000 | NO          | 74.512829 | 
146   | 1        | 66.322362  | 66.270041 | 81.000000 | 84.000 | 0.0161 | 0.500000 | NO          | 74.665976 | 
147   | 2        | 66.322362  | 66.314413 | 53.000000 | 84.000 | 0.0162 | 0.500000 | NO          | 74.818967 | 
148   | 0        | 66.649115  | 66.649115 | 73.000000 | 84.000 | 0.0168 | 0.500000 | NO          | 74.979525 | 
149   | 1        | 66.649115  | 66.541851 | 63.000000 | 84.000 | 0.0142 | 0.500000 | NO          | 75.132157 | 
150   | 2        | 66.649115  | 66.264114 | 67.000000 | 74.000 | 0.0156 | 0.500000 | NO          | 75.295369 | 
151   | 0        | 66.663879  | 66.663879 | 63.000000 | 74.000 | 0.0067 | 0.500000 | NO          | 75.459666 | 
152   | 0        | 66.736095  | 66.736095 | 71.000000 | 74.000 | 0.0071 | 0.500000 | NO          | 75.618908 | 
153   | 0        | 66.874421  | 66.874421 | 63.000000 | 74.000 | 0.0065 | 0.500000 | NO          | 75.772337 | 
154   | 0        | 66.972344  | 66.972344 | 70.000000 | 74.000 | 0.0063 | 0.500000 | NO          | 75.927214 | 
155   | 0        | 67.067228  | 67.067228 | 66.000000 | 74.000 | 0.0061 | 0.500000 | NO          | 76.088337 | 
156   | 1        | 67.067228  | 67.008544 | 66.000000 | 74.000 | 0.0065 | 0.500000 | NO          | 76.241712 | 
157   | 0        | 67.236810  | 67.236810 | 67.000000 | 74.000 | 0.0065 | 0.500000 | NO          | 76.400735 | 
158   | 1        | 67.236810  | 66.991871 | 53.000000 | 74.000 | 0.0065 | 0.500000 | NO          | 76.553475 | 
159   | 2        | 67.236810  | 67.066282 | 63.000000 | 74.000 | 0.0055 | 0.500000 | NO          | 76.706294 | 
160   | 3        | 67.236810  | 67.035351 | 79.000000 | 74.000 | 0.0066 | 0.500000 | NO          | 76.860872 | 
161   | 4        | 67.236810  | 67.019291 | 61.000000 | 74.000 | 0.0055 | 0.500000 | NO          | 77.013546 | 
162   | 5        | 67.236810  | 66.960533 | 63.000000 | 74.000 | 0.0055 | 0.500000 | NO          | 77.166066 | 
163   | 6        | 67.236810  | 67.041896 | 79.000000 | 74.000 | 0.0063 | 0.500000 | NO          | 77.324729 | 
164   | 7        | 67.236810  | 67.053254 | 67.000000 | 74.000 | 0.0058 | 0.500000 | NO          | 77.493311 | 
165   | 8        | 67.236810  | 66.998451 | 67.000000 | 74.000 | 0.0066 | 0.500000 | NO          | 77.647073 | 
166   | 9        | 67.236810  | 67.167993 | 67.000000 | 74.000 | 0.0065 | 0.500000 | NO          | 77.801912 | 
167   | 10       | 67.236810  | 67.160751 | 63.000000 | 74.000 | 0.0065 | 0.500000 | NO          | 77.954669 | 
168   | 11       | 67.236810  | 67.088658 | 67.000000 | 74.000 | 0.0062 | 0.500000 | NO          | 78.108165 | 
169   | 0        | 67.286121  | 67.286121 | 73.000000 | 74.000 | 0.0066 | 0.500000 | NO          | 78.267750 | 
170   | 1        | 67.286121  | 67.041172 | 73.000000 | 74.000 | 0.0063 | 0.500000 | NO          | 78.421127 | 
171   | 2        | 67.286121  | 67.017964 | 57.000000 | 74.000 | 0.0056 | 0.500000 | NO          | 78.573956 | 
172   | 3        | 67.286121  | 67.133777 | 67.000000 | 74.000 | 0.0062 | 0.500000 | NO          | 78.733271 | 
173   | 4        | 67.286121  | 67.096330 | 69.000000 | 74.000 | 0.0066 | 0.500000 | NO          | 78.887861 | 
174   | 5        | 67.286121  | 67.081776 | 71.000000 | 74.000 | 0.0052 | 0.500000 | NO          | 79.046915 | 
175   | 6        | 67.286121  | 67.133982 | 58.000000 | 74.000 | 0.0066 | 0.500000 | NO          | 79.200272 | 
176   | 7        | 67.286121  | 67.009606 | 67.000000 | 74.000 | 0.0059 | 0.500000 | NO          | 79.353691 | 
177   | 8        | 67.286121  | 67.196267 | 79.000000 | 74.000 | 0.0067 | 0.500000 | NO          | 79.513217 | 
178   | 9        | 67.286121  | 67.062101 | 57.000000 | 74.000 | 0.0059 | 0.500000 | NO          | 79.666417 | 
179   | 10       | 67.286121  | 67.090873 | 73.000000 | 74.000 | 0.0061 | 0.500000 | NO          | 79.821362 | 
180   | 11       | 67.286121  | 67.138867 | 67.000000 | 74.000 | 0.0061 | 0.500000 | NO          | 79.990469 | 
181   | 12       | 67.286121  | 67.127220 | 63.000000 | 74.000 | 0.0060 | 0.500000 | NO          | 80.143485 | 
182   | 13       | 67.286121  | 67.002891 | 57.000000 | 74.000 | 0.0060 | 0.500000 | NO          | 80.296100 | 
183   | 14       | 67.286121  | 67.058074 | 79.000000 | 74.000 | 0.0061 | 0.500000 | NO          | 80.448812 | 
184   | 15       | 67.286121  | 66.974154 | 66.000000 | 74.000 | 0.0047 | 0.500000 | NO          | 80.601705 | 
185   | 16       | 67.286121  | 67.062840 | 67.000000 | 74.000 | 0.0067 | 0.500000 | NO          | 80.756358 | 
186   | 17       | 67.286121  | 67.037335 | 71.000000 | 74.000 | 0.0062 | 0.500000 | NO          | 80.909565 | 
187   | 18       | 67.286121  | 67.256606 | 66.000000 | 74.000 | 0.0067 | 0.500000 | NO          | 81.067689 | 
188   | 19       | 67.286121  | 67.009994 | 73.000000 | 74.000 | 0.0059 | 0.500000 | NO          | 81.220249 | 
189   | 20       | 67.286121  | 67.084895 | 57.000000 | 74.000 | 0.0065 | 0.500000 | NO          | 81.373340 | 
190   | 21       | 67.286121  | 67.183958 | 67.000000 | 74.000 | 0.0062 | 0.500000 | NO          | 81.532238 | 
191   | 22       | 67.286121  | 67.139013 | 76.000000 | 74.000 | 0.0065 | 0.500000 | NO          | 81.684806 | 
192   | 23       | 67.286121  | 67.110683 | 67.000000 | 74.000 | 0.0060 | 0.500000 | NO          | 81.839336 | 
193   | 24       | 67.286121  | 67.039165 | 67.000000 | 74.000 | 0.0060 | 0.500000 | NO          | 81.992062 | 
194   | 25       | 67.286121  | 67.179777 | 77.000000 | 74.000 | 0.0067 | 0.500000 | NO          | 82.151489 | 
195   | 26       | 67.286121  | 67.151584 | 63.000000 | 74.000 | 0.0061 | 0.500000 | NO          | 82.305020 | 
196   | 27       | 67.286121  | 67.176360 | 61.000000 | 74.000 | 0.0065 | 0.500000 | NO          | 82.458343 | 
197   | 28       | 67.286121  | 67.008343 | 69.000000 | 74.000 | 0.0052 | 0.500000 | NO          | 82.610951 | 
198   | 29       | 67.286121  | 67.084609 | 73.000000 | 74.000 | 0.0063 | 0.500000 | NO          | 82.766278 | 
199   | 30       | 67.286121  | 67.238281 | 57.000000 | 74.000 | 0.0065 | 0.500000 | NO          | 82.919230 | 
200   | 0        | 67.318494  | 67.318494 | 74.000000 | 74.000 | 0.0031 | 0.250000 | NO          | 83.078689 | 
201   | 1        | 67.318494  | 67.289742 | 70.000000 | 74.000 | 0.0032 | 0.250000 | NO          | 83.231811 | 
202   | 0        | 67.320860  | 67.320860 | 62.000000 | 74.000 | 0.0032 | 0.250000 | NO          | 83.384523 | 
203   | 1        | 67.320860  | 67.217803 | 67.000000 | 74.000 | 0.0029 | 0.250000 | NO          | 83.538066 | 
204   | 0        | 67.365297  | 67.365297 | 63.000000 | 74.000 | 0.0032 | 0.250000 | NO          | 83.699322 | 
205   | 1        | 67.365297  | 67.330553 | 66.000000 | 74.000 | 0.0031 | 0.250000 | NO          | 83.852934 | 
206   | 2        | 67.365297  | 67.303095 | 67.000000 | 74.000 | 0.0028 | 0.250000 | NO          | 84.005646 | 
207   | 3        | 67.365297  | 67.269252 | 57.000000 | 74.000 | 0.0032 | 0.250000 | NO          | 84.158686 | 
208   | 4        | 67.365297  | 67.269942 | 69.000000 | 74.000 | 0.0026 | 0.250000 | NO          | 84.312493 | 
209   | 5        | 67.365297  | 67.280295 | 77.000000 | 74.000 | 0.0030 | 0.250000 | NO          | 84.471732 | 
210   | 6        | 67.365297  | 67.328337 | 63.000000 | 74.000 | 0.0029 | 0.250000 | NO          | 84.634995 | 
211   | 7        | 67.365297  | 67.320589 | 71.000000 | 74.000 | 0.0031 | 0.250000 | NO          | 84.796349 | 
212   | 8        | 67.365297  | 67.355546 | 60.000000 | 74.000 | 0.0031 | 0.250000 | NO          | 84.949522 | 
213   | 9        | 67.365297  | 67.329479 | 83.000000 | 74.000 | 0.0032 | 0.250000 | NO          | 85.102906 | 
214   | 10       | 67.365297  | 67.362643 | 63.000000 | 74.000 | 0.0028 | 0.250000 | NO          | 85.255846 | 
215   | 11       | 67.365297  | 67.251673 | 61.000000 | 74.000 | 0.0029 | 0.250000 | NO          | 85.408704 | 
216   | 12       | 67.365297  | 67.295495 | 73.000000 | 74.000 | 0.0026 | 0.250000 | NO          | 85.567976 | 
217   | 13       | 67.365297  | 67.337038 | 59.000000 | 74.000 | 0.0031 | 0.250000 | NO          | 85.722518 | 
218   | 14       | 67.365297  | 67.324644 | 71.000000 | 74.000 | 0.0030 | 0.250000 | NO          | 85.877033 | 
219   | 15       | 67.365297  | 67.292336 | 73.000000 | 74.000 | 0.0032 | 0.250000 | NO          | 86.032872 | 
220   | 16       | 67.365297  | 67.297593 | 67.000000 | 74.000 | 0.0026 | 0.250000 | NO          | 86.186215 | 
221   | 17       | 67.365297  | 67.290871 | 73.000000 | 74.000 | 0.0030 | 0.250000 | NO          | 86.339640 | 
222   | 18       | 67.365297  | 67.326490 | 57.000000 | 74.000 | 0.0029 | 0.250000 | NO          | 86.494275 | 
223   | 19       | 67.365297  | 67.221069 | 67.000000 | 74.000 | 0.0025 | 0.250000 | NO          | 86.647121 | 
224   | 20       | 67.365297  | 67.323012 | 66.000000 | 74.000 | 0.0033 | 0.250000 | NO          | 86.808039 | 
225   | 21       | 67.365297  | 67.335216 | 73.000000 | 74.000 | 0.0032 | 0.250000 | NO          | 86.967798 | 
226   | 22       | 67.365297  | 67.300122 | 71.000000 | 74.000 | 0.0025 | 0.250000 | NO          | 87.120954 | 
227   | 23       | 67.365297  | 67.265855 | 57.000000 | 74.000 | 0.0032 | 0.250000 | NO          | 87.273665 | 
228   | 24       | 67.365297  | 67.343752 | 83.000000 | 74.000 | 0.0032 | 0.250000 | NO          | 87.426513 | 
229   | 25       | 67.365297  | 67.316170 | 67.000000 | 74.000 | 0.0029 | 0.250000 | NO          | 87.581072 | 
230   | 26       | 67.365297  | 67.319142 | 63.000000 | 74.000 | 0.0032 | 0.250000 | NO          | 87.745126 | 
231   | 27       | 67.365297  | 67.320943 | 73.000000 | 74.000 | 0.0030 | 0.250000 | NO          | 87.898696 | 
232   | 28       | 67.365297  | 67.320703 | 57.000000 | 74.000 | 0.0031 | 0.250000 | NO          | 88.051813 | 
233   | 29       | 67.365297  | 67.326567 | 67.000000 | 74.000 | 0.0029 | 0.250000 | NO          | 88.205495 | 
234   | 30       | 67.365297  | 67.327197 | 77.000000 | 74.000 | 0.0032 | 0.250000 | NO          | 88.365073 | 
235   | 0        | 67.411471  | 67.411471 | 70.000000 | 74.000 | 0.0015 | 0.125000 | NO          | 88.524778 | 
236   | 0        | 67.420114  | 67.420114 | 67.000000 | 74.000 | 0.0015 | 0.125000 | NO          | 88.677728 | 
237   | 1        | 67.420114  | 67.400806 | 63.000000 | 74.000 | 0.0014 | 0.125000 | NO          | 88.832429 | 
238   | 2        | 67.420114  | 67.393656 | 67.000000 | 74.000 | 0.0014 | 0.125000 | NO          | 88.985778 | 
239   | 0        | 67.422067  | 67.422067 | 73.000000 | 74.000 | 0.0015 | 0.125000 | NO          | 89.144960 | 
240   | 1        | 67.422067  | 67.419814 | 77.000000 | 72.000 | 0.0014 | 0.125000 | NO          | 89.308539 | 
241   | 0        | 67.430130  | 67.430130 | 59.000000 | 72.000 | 0.0010 | 0.125000 | NO          | 89.466136 | 
242   | 1        | 67.430130  | 67.414512 | 61.000000 | 72.000 | 0.0009 | 0.125000 | NO          | 89.619005 | 
243   | 2        | 67.430130  | 67.428416 | 69.000000 | 72.000 | 0.0010 | 0.125000 | NO          | 89.780747 | 
244   | 0        | 67.431647  | 67.431647 | 77.000000 | 72.000 | 0.0009 | 0.125000 | NO          | 89.933449 | 
245   | 1        | 67.431647  | 67.422473 | 63.000000 | 72.000 | 0.0010 | 0.125000 | NO          | 90.086890 | 
246   | 0        | 67.440425  | 67.440425 | 70.000000 | 72.000 | 0.0010 | 0.125000 | NO          | 90.241079 | 
247   | 0        | 67.442186  | 67.442186 | 57.000000 | 72.000 | 0.0011 | 0.125000 | NO          | 90.394780 | 
248   | 0        | 67.448028  | 67.448028 | 77.000000 | 72.000 | 0.0010 | 0.125000 | NO          | 90.548860 | 
249   | 1        | 67.448028  | 67.432208 | 69.000000 | 72.000 | 0.0010 | 0.125000 | NO          | 90.701952 | 
250   | 2        | 67.448028  | 67.416611 | 63.000000 | 72.000 | 0.0009 | 0.125000 | NO          | 90.857509 | 
251   | 3        | 67.448028  | 67.437211 | 61.000000 | 72.000 | 0.0010 | 0.125000 | NO          | 91.013405 | 
252   | 4        | 67.448028  | 67.444916 | 77.000000 | 72.000 | 0.0010 | 0.125000 | NO          | 91.173126 | 
253   | 5        | 67.448028  | 67.446175 | 65.000000 | 72.000 | 0.0010 | 0.125000 | NO          | 91.326332 | 
254   | 6        | 67.448028  | 67.426354 | 61.000000 | 72.000 | 0.0009 | 0.125000 | NO          | 91.480921 | 
255   | 7        | 67.448028  | 67.425590 | 79.000000 | 72.000 | 0.0010 | 0.125000 | NO          | 91.640517 | 
256   | 8        | 67.448028  | 67.432561 | 71.000000 | 72.000 | 0.0008 | 0.125000 | NO          | 91.796817 | 
257   | 9        | 67.448028  | 67.434284 | 57.000000 | 72.000 | 0.0011 | 0.125000 | NO          | 91.950259 | 
258   | 10       | 67.448028  | 67.432685 | 73.000000 | 72.000 | 0.0010 | 0.125000 | NO          | 92.103016 | 
259   | 11       | 67.448028  | 67.439410 | 63.000000 | 72.000 | 0.0010 | 0.125000 | NO          | 92.256712 | 
260   | 12       | 67.448028  | 67.437228 | 63.000000 | 72.000 | 0.0010 | 0.125000 | NO          | 92.410838 | 
261   | 0        | 67.454357  | 67.454357 | 63.000000 | 72.000 | 0.0010 | 0.125000 | NO          | 92.564143 | 
262   | 1        | 67.454357  | 67.421775 | 77.000000 | 72.000 | 0.0010 | 0.125000 | NO          | 92.717127 | 
263   | 2        | 67.454357  | 67.449327 | 58.000000 | 72.000 | 0.0010 | 0.125000 | NO          | 92.872409 | 
264   | 3        | 67.454357  | 67.423775 | 73.000000 | 72.000 | 0.0010 | 0.125000 | NO          | 93.026004 | 
265   | 4        | 67.454357  | 67.446043 | 57.000000 | 72.000 | 0.0010 | 0.125000 | NO          | 93.178535 | 
266   | 5        | 67.454357  | 67.453006 | 79.000000 | 72.000 | 0.0010 | 0.125000 | NO          | 93.332283 | 
267   | 6        | 67.454357  | 67.445117 | 53.000000 | 72.000 | 0.0009 | 0.125000 | NO          | 93.485883 | 
268   | 7        | 67.454357  | 67.405271 | 71.000000 | 72.000 | 0.0008 | 0.125000 | NO          | 93.645722 | 
269   | 8        | 67.454357  | 67.421081 | 73.000000 | 72.000 | 0.0011 | 0.125000 | NO          | 93.801817 | 
270   | 9        | 67.454357  | 67.434241 | 63.000000 | 72.000 | 0.0009 | 0.125000 | NO          | 93.970778 | 
271   | 10       | 67.454357  | 67.422427 | 67.000000 | 72.000 | 0.0011 | 0.125000 | NO          | 94.123677 | 
272   | 11       | 67.454357  | 67.424197 | 67.000000 | 72.000 | 0.0010 | 0.125000 | NO          | 94.277425 | 
273   | 12       | 67.454357  | 67.446975 | 63.000000 | 72.000 | 0.0010 | 0.125000 | NO          | 94.430956 | 
274   | 13       | 67.454357  | 67.432395 | 67.000000 | 72.000 | 0.0009 | 0.125000 | NO          | 94.590466 | 
275   | 14       | 67.454357  | 67.430035 | 79.000000 | 72.000 | 0.0011 | 0.125000 | NO          | 94.746446 | 
276   | 15       | 67.454357  | 67.428052 | 61.000000 | 72.000 | 0.0008 | 0.125000 | NO          | 94.901020 | 
277   | 16       | 67.454357  | 67.389391 | 67.000000 | 72.000 | 0.0009 | 0.125000 | NO          | 95.060036 | 
278   | 17       | 67.454357  | 67.442663 | 67.000000 | 72.000 | 0.0011 | 0.125000 | NO          | 95.213104 | 
279   | 18       | 67.454357  | 67.448796 | 73.000000 | 72.000 | 0.0010 | 0.125000 | NO          | 95.365835 | 
280   | 19       | 67.454357  | 67.440585 | 73.000000 | 72.000 | 0.0010 | 0.125000 | NO          | 95.519075 | 
281   | 20       | 67.454357  | 67.427690 | 62.000000 | 72.000 | 0.0009 | 0.125000 | NO          | 95.672819 | 
282   | 21       | 67.454357  | 67.438022 | 79.000000 | 72.000 | 0.0011 | 0.125000 | NO          | 95.833918 | 
283   | 22       | 67.454357  | 67.427871 | 61.000000 | 72.000 | 0.0008 | 0.125000 | NO          | 95.988750 | 
284   | 23       | 67.454357  | 67.421309 | 77.000000 | 72.000 | 0.0010 | 0.125000 | NO          | 96.142672 | 
285   | 24       | 67.454357  | 67.437563 | 63.000000 | 72.000 | 0.0010 | 0.125000 | NO          | 96.295808 | 
286   | 25       | 67.454357  | 67.437701 | 73.000000 | 72.000 | 0.0010 | 0.125000 | NO          | 96.448441 | 
287   | 26       | 67.454357  | 67.437849 | 61.000000 | 72.000 | 0.0010 | 0.125000 | NO          | 96.601334 | 
288   | 27       | 67.454357  | 67.431534 | 69.000000 | 72.000 | 0.0010 | 0.125000 | NO          | 96.753913 | 
289   | 28       | 67.454357  | 67.430392 | 72.000000 | 72.000 | 0.0009 | 0.125000 | NO          | 96.914327 | 
290   | 29       | 67.454357  | 67.453420 | 67.000000 | 72.000 | 0.0010 | 0.125000 | NO          | 97.067800 | 
291   | 30       | 67.454357  | 67.453297 | 67.000000 | 72.000 | 0.0011 | 0.125000 | NO          | 97.227296 | 
292   | 0        | 67.463695  | 67.463695 | 62.000000 | 72.000 | 0.0005 | 0.062500 | NO          | 97.380032 | 
293   | 0        | 67.466447  | 67.466447 | 69.000000 | 72.000 | 0.0005 | 0.062500 | NO          | 97.564339 | 
294   | 1        | 67.466447  | 67.459478 | 70.000000 | 72.000 | 0.0004 | 0.062500 | NO          | 97.723250 | 
295   | 0        | 67.474093  | 67.474093 | 61.000000 | 72.000 | 0.0005 | 0.062500 | NO          | 97.877950 | 
296   | 1        | 67.474093  | 67.462453 | 69.000000 | 72.000 | 0.0004 | 0.062500 | NO          | 98.030959 | 
297   | 2        | 67.474093  | 67.472997 | 73.000000 | 72.000 | 0.0005 | 0.062500 | NO          | 98.183655 | 
298   | 3        | 67.474093  | 67.459489 | 57.000000 | 72.000 | 0.0004 | 0.062500 | NO          | 98.336487 | 
299   | 4        | 67.474093  | 67.460232 | 70.000000 | 72.000 | 0.0004 | 0.062500 | NO          | 98.489729 | 
300   | 5        | 67.474093  | 67.470773 | 69.000000 | 72.000 | 0.0005 | 0.062500 | NO          | 98.653501 | 
301   | 6        | 67.474093  | 67.466159 | 67.000000 | 72.000 | 0.0004 | 0.062500 | NO          | 98.806246 | 
302   | 7        | 67.474093  | 67.467296 | 57.000000 | 72.000 | 0.0005 | 0.062500 | NO          | 98.962186 | 
303   | 8        | 67.474093  | 67.454022 | 73.000000 | 72.000 | 0.0004 | 0.062500 | NO          | 99.122116 | 
304   | 9        | 67.474093  | 67.461118 | 70.000000 | 72.000 | 0.0004 | 0.062500 | NO          | 99.276233 | 
305   | 10       | 67.474093  | 67.468381 | 60.000000 | 72.000 | 0.0005 | 0.062500 | NO          | 99.429482 | 
306   | 11       | 67.474093  | 67.460706 | 67.000000 | 72.000 | 0.0005 | 0.062500 | NO          | 99.583000 | 
307   | 0        | 67.477872  | 67.477872 | 73.000000 | 72.000 | 0.0005 | 0.062500 | NO          | 99.742060 | 
308   | 1        | 67.477872  | 67.470553 | 73.000000 | 72.000 | 0.0004 | 0.062500 | NO          | 100.05862 | 
309   | 2        | 67.477872  | 67.453724 | 61.000000 | 72.000 | 0.0005 | 0.062500 | NO          | 100.21225 | 
310   | 3        | 67.477872  | 67.464011 | 67.000000 | 72.000 | 0.0004 | 0.062500 | NO          | 100.36623 | 
311   | 4        | 67.477872  | 67.473762 | 69.000000 | 72.000 | 0.0005 | 0.062500 | NO          | 100.51945 | 
312   | 5        | 67.477872  | 67.457076 | 63.000000 | 72.000 | 0.0004 | 0.062500 | NO          | 100.67281 | 
313   | 6        | 67.477872  | 67.461643 | 67.000000 | 72.000 | 0.0005 | 0.062500 | NO          | 100.82642 | 
314   | 7        | 67.477872  | 67.469122 | 63.000000 | 72.000 | 0.0004 | 0.062500 | NO          | 100.98237 | 
315   | 8        | 67.477872  | 67.476534 | 73.000000 | 72.000 | 0.0005 | 0.062500 | NO          | 101.14425 | 
316   | 9        | 67.477872  | 67.472659 | 63.000000 | 72.000 | 0.0005 | 0.062500 | NO          | 101.29792 | 
317   | 10       | 67.477872  | 67.468142 | 67.000000 | 72.000 | 0.0005 | 0.062500 | NO          | 101.45122 | 
318   | 11       | 67.477872  | 67.471266 | 63.000000 | 72.000 | 0.0004 | 0.062500 | NO          | 101.60503 | 
319   | 12       | 67.477872  | 67.471238 | 77.000000 | 72.000 | 0.0005 | 0.062500 | NO          | 101.75844 | 
320   | 13       | 67.477872  | 67.470354 | 63.000000 | 72.000 | 0.0005 | 0.062500 | NO          | 101.91170 | 
321   | 14       | 67.477872  | 67.463341 | 57.000000 | 72.000 | 0.0005 | 0.062500 | NO          | 102.06489 | 
322   | 15       | 67.477872  | 67.468173 | 71.000000 | 72.000 | 0.0004 | 0.062500 | NO          | 102.22691 | 
323   | 16       | 67.477872  | 67.464788 | 79.000000 | 72.000 | 0.0005 | 0.062500 | NO          | 102.38118 | 
324   | 17       | 67.477872  | 67.474123 | 53.000000 | 72.000 | 0.0005 | 0.062500 | NO          | 102.53524 | 
325   | 18       | 67.477872  | 67.465220 | 83.000000 | 72.000 | 0.0005 | 0.062500 | NO          | 102.69587 | 
326   | 19       | 67.477872  | 67.471107 | 63.000000 | 72.000 | 0.0004 | 0.062500 | NO          | 102.85054 | 
327   | 20       | 67.477872  | 67.462993 | 71.000000 | 72.000 | 0.0004 | 0.062500 | NO          | 103.01101 | 
328   | 0        | 67.483342  | 67.483342 | 67.000000 | 72.000 | 0.0005 | 0.062500 | NO          | 103.17033 | 
329   | 1        | 67.483342  | 67.475846 | 71.000000 | 72.000 | 0.0005 | 0.062500 | NO          | 103.32500 | 
330   | 2        | 67.483342  | 67.476969 | 63.000000 | 72.000 | 0.0005 | 0.062500 | NO          | 103.48974 | 
331   | 3        | 67.483342  | 67.465014 | 83.000000 | 72.000 | 0.0005 | 0.062500 | NO          | 103.65014 | 
332   | 4        | 67.483342  | 67.474153 | 66.000000 | 72.000 | 0.0004 | 0.062500 | NO          | 103.80384 | 
333   | 5        | 67.483342  | 67.465826 | 61.000000 | 72.000 | 0.0005 | 0.062500 | NO          | 103.95717 | 
334   | 6        | 67.483342  | 67.464232 | 63.000000 | 72.000 | 0.0004 | 0.062500 | NO          | 104.11060 | 
335   | 7        | 67.483342  | 67.466895 | 69.000000 | 72.000 | 0.0005 | 0.062500 | NO          | 104.26643 | 
336   | 8        | 67.483342  | 67.472332 | 67.000000 | 72.000 | 0.0005 | 0.062500 | NO          | 104.41980 | 
337   | 9        | 67.483342  | 67.476318 | 67.000000 | 72.000 | 0.0005 | 0.062500 | NO          | 104.57949 | 
338   | 10       | 67.483342  | 67.474640 | 73.000000 | 72.000 | 0.0005 | 0.062500 | NO          | 104.73302 | 
339   | 11       | 67.483342  | 67.473831 | 61.000000 | 72.000 | 0.0005 | 0.062500 | NO          | 104.88652 | 
340   | 12       | 67.483342  | 67.460878 | 67.000000 | 72.000 | 0.0004 | 0.062500 | NO          | 105.04663 | 
341   | 13       | 67.483342  | 67.474679 | 69.000000 | 72.000 | 0.0005 | 0.062500 | NO          | 105.20050 | 
342   | 14       | 67.483342  | 67.474898 | 63.000000 | 72.000 | 0.0005 | 0.062500 | NO          | 105.35611 | 
343   | 15       | 67.483342  | 67.464563 | 64.000000 | 72.000 | 0.0005 | 0.062500 | NO          | 105.50943 | 
344   | 16       | 67.483342  | 67.469353 | 83.000000 | 72.000 | 0.0005 | 0.062500 | NO          | 105.66367 | 
345   | 17       | 67.483342  | 67.477984 | 59.000000 | 72.000 | 0.0005 | 0.062500 | NO          | 105.82309 | 
346   | 18       | 67.483342  | 67.460898 | 67.000000 | 72.000 | 0.0004 | 0.062500 | NO          | 105.97839 | 
347   | 19       | 67.483342  | 67.471791 | 71.000000 | 72.000 | 0.0005 | 0.062500 | NO          | 106.13346 | 
348   | 20       | 67.483342  | 67.465812 | 57.000000 | 72.000 | 0.0005 | 0.062500 | NO          | 106.28884 | 
349   | 21       | 67.483342  | 67.465439 | 73.000000 | 72.000 | 0.0004 | 0.062500 | NO          | 106.44893 | 
350   | 22       | 67.483342  | 67.472412 | 69.000000 | 72.000 | 0.0005 | 0.062500 | NO          | 106.60227 | 
351   | 23       | 67.483342  | 67.466180 | 61.000000 | 72.000 | 0.0005 | 0.062500 | NO          | 106.75592 | 
352   | 24       | 67.483342  | 67.467504 | 77.000000 | 72.000 | 0.0005 | 0.062500 | NO          | 106.91036 | 
353   | 25       | 67.483342  | 67.471928 | 63.000000 | 72.000 | 0.0005 | 0.062500 | NO          | 107.07056 | 
354   | 26       | 67.483342  | 67.467893 | 66.000000 | 72.000 | 0.0005 | 0.062500 | NO          | 107.22452 | 
355   | 27       | 67.483342  | 67.464994 | 67.000000 | 72.000 | 0.0004 | 0.062500 | NO          | 107.38058 | 
356   | 28       | 67.483342  | 67.464667 | 73.000000 | 72.000 | 0.0004 | 0.062500 | NO          | 107.54143 | 
357   | 29       | 67.483342  | 67.466468 | 63.000000 | 72.000 | 0.0005 | 0.062500 | NO          | 107.70088 | 
358   | 30       | 67.483342  | 67.472298 | 57.000000 | 72.000 | 0.0005 | 0.062500 | NO          | 107.85377 | 
359   | 1        | 67.483342  | 67.473051 | 77.000000 | 72.000 | 0.0002 | 0.031250 | NO          | 108.00716 | 
360   | 2        | 67.483342  | 67.479085 | 63.000000 | 72.000 | 0.0002 | 0.031250 | NO          | 108.17013 | 
361   | 3        | 67.483342  | 67.479535 | 71.000000 | 72.000 | 0.0002 | 0.031250 | NO          | 108.32368 | 
362   | 0        | 67.486806  | 67.486806 | 69.000000 | 72.000 | 0.0002 | 0.031250 | NO          | 108.47858 | 
363   | 1        | 67.486806  | 67.477216 | 57.000000 | 72.000 | 0.0002 | 0.031250 | NO          | 108.63271 | 
364   | 2        | 67.486806  | 67.480295 | 63.000000 | 72.000 | 0.0002 | 0.031250 | NO          | 108.78845 | 
365   | 3        | 67.486806  | 67.485334 | 83.000000 | 72.000 | 0.0002 | 0.031250 | NO          | 108.94745 | 
366   | 4        | 67.486806  | 67.484269 | 63.000000 | 72.000 | 0.0002 | 0.031250 | NO          | 109.10029 | 
367   | 5        | 67.486806  | 67.482828 | 71.000000 | 72.000 | 0.0002 | 0.031250 | NO          | 109.25974 | 
368   | 0        | 67.487552  | 67.487552 | 57.000000 | 72.000 | 0.0002 | 0.031250 | NO          | 109.41325 | 
369   | 1        | 67.487552  | 67.486047 | 83.000000 | 72.000 | 0.0002 | 0.031250 | NO          | 109.56946 | 
370   | 2        | 67.487552  | 67.484083 | 53.000000 | 72.000 | 0.0002 | 0.031250 | NO          | 109.72242 | 
371   | 3        | 67.487552  | 67.479699 | 74.000000 | 72.000 | 0.0002 | 0.031250 | NO          | 109.88184 | 
372   | 4        | 67.487552  | 67.486258 | 63.000000 | 72.000 | 0.0002 | 0.031250 | NO          | 110.03533 | 
373   | 5        | 67.487552  | 67.481616 | 63.000000 | 72.000 | 0.0002 | 0.031250 | NO          | 110.18906 | 
374   | 0        | 67.488187  | 67.488187 | 67.000000 | 72.000 | 0.0002 | 0.031250 | NO          | 110.34234 | 
375   | 1        | 67.488187  | 67.485387 | 63.000000 | 72.000 | 0.0002 | 0.031250 | NO          | 110.49842 | 
376   | 2        | 67.488187  | 67.482071 | 79.000000 | 72.000 | 0.0002 | 0.031250 | NO          | 110.65824 | 
377   | 3        | 67.488187  | 67.480475 | 61.000000 | 72.000 | 0.0002 | 0.031250 | NO          | 110.81107 | 
378   | 4        | 67.488187  | 67.481269 | 83.000000 | 72.000 | 0.0002 | 0.031250 | NO          | 110.96462 | 
379   | 5        | 67.488187  | 67.482254 | 57.000000 | 72.000 | 0.0002 | 0.031250 | NO          | 111.11984 | 
380   | 6        | 67.488187  | 67.480598 | 66.000000 | 72.000 | 0.0002 | 0.031250 | NO          | 111.27331 | 
381   | 7        | 67.488187  | 67.480740 | 73.000000 | 72.000 | 0.0002 | 0.031250 | NO          | 111.42715 | 
382   | 8        | 67.488187  | 67.484773 | 61.000000 | 72.000 | 0.0002 | 0.031250 | NO          | 111.58269 | 
383   | 9        | 67.488187  | 67.483387 | 67.000000 | 72.000 | 0.0002 | 0.031250 | NO          | 111.73651 | 
384   | 10       | 67.488187  | 67.487748 | 69.000000 | 72.000 | 0.0002 | 0.031250 | NO          | 111.88966 | 
385   | 11       | 67.488187  | 67.481194 | 63.000000 | 72.000 | 0.0002 | 0.031250 | NO          | 112.04262 | 
386   | 12       | 67.488187  | 67.485131 | 57.000000 | 72.000 | 0.0002 | 0.031250 | NO          | 112.19572 | 
387   | 13       | 67.488187  | 67.476850 | 77.000000 | 72.000 | 0.0002 | 0.031250 | NO          | 112.34928 | 
388   | 14       | 67.488187  | 67.482366 | 73.000000 | 72.000 | 0.0002 | 0.031250 | NO          | 112.50874 | 
389   | 0        | 67.489188  | 67.489188 | 67.000000 | 72.000 | 0.0002 | 0.031250 | NO          | 112.66454 | 
390   | 1        | 67.489188  | 67.484281 | 67.000000 | 72.000 | 0.0002 | 0.031250 | NO          | 112.82815 | 
391   | 2        | 67.489188  | 67.486051 | 77.000000 | 72.000 | 0.0002 | 0.031250 | NO          | 112.98766 | 
392   | 3        | 67.489188  | 67.484922 | 53.000000 | 72.000 | 0.0002 | 0.031250 | NO          | 113.14132 | 
393   | 4        | 67.489188  | 67.488149 | 71.000000 | 72.000 | 0.0002 | 0.031250 | NO          | 113.29518 | 
394   | 5        | 67.489188  | 67.485843 | 69.000000 | 72.000 | 0.0002 | 0.031250 | NO          | 113.45451 | 
395   | 6        | 67.489188  | 67.483219 | 63.000000 | 72.000 | 0.0002 | 0.031250 | NO          | 113.61396 | 
396   | 7        | 67.489188  | 67.484249 | 57.000000 | 72.000 | 0.0002 | 0.031250 | NO          | 113.77220 | 
397   | 8        | 67.489188  | 67.481497 | 73.000000 | 72.000 | 0.0002 | 0.031250 | NO          | 113.92527 | 
398   | 9        | 67.489188  | 67.478174 | 77.000000 | 72.000 | 0.0002 | 0.031250 | NO          | 114.07804 | 
399   | 10       | 67.489188  | 67.477705 | 73.000000 | 72.000 | 0.0002 | 0.031250 | NO          | 114.23096 | 
400   | 11       | 67.489188  | 67.481959 | 57.000000 | 72.000 | 0.0002 | 0.031250 | NO          | 114.38444 | 
401   | 12       | 67.489188  | 67.482312 | 71.000000 | 72.000 | 0.0002 | 0.031250 | NO          | 114.53838 | 
402   | 13       | 67.489188  | 67.487981 | 65.000000 | 72.000 | 0.0002 | 0.031250 | NO          | 114.69300 | 
403   | 14       | 67.489188  | 67.484178 | 67.000000 | 72.000 | 0.0002 | 0.031250 | NO          | 114.84601 | 
404   | 15       | 67.489188  | 67.485883 | 69.000000 | 72.000 | 0.0002 | 0.031250 | NO          | 114.99904 | 
405   | 16       | 67.489188  | 67.482634 | 61.000000 | 72.000 | 0.0002 | 0.031250 | NO          | 115.15839 | 
406   | 17       | 67.489188  | 67.483286 | 70.000000 | 72.000 | 0.0002 | 0.031250 | NO          | 115.31810 | 
407   | 18       | 67.489188  | 67.483340 | 63.000000 | 72.000 | 0.0002 | 0.031250 | NO          | 115.47209 | 
408   | 19       | 67.489188  | 67.484204 | 63.000000 | 72.000 | 0.0002 | 0.031250 | NO          | 115.62545 | 
409   | 20       | 67.489188  | 67.483546 | 67.000000 | 72.000 | 0.0002 | 0.031250 | NO          | 115.78015 | 
410   | 21       | 67.489188  | 67.482926 | 65.000000 | 72.000 | 0.0002 | 0.031250 | NO          | 115.93921 | 
411   | 22       | 67.489188  | 67.483682 | 67.000000 | 72.000 | 0.0002 | 0.031250 | NO          | 116.09569 | 
412   | 23       | 67.489188  | 67.482298 | 73.000000 | 72.000 | 0.0002 | 0.031250 | NO          | 116.24832 | 
413   | 24       | 67.489188  | 67.477275 | 61.000000 | 72.000 | 0.0002 | 0.031250 | NO          | 116.40094 | 
414   | 25       | 67.489188  | 67.484182 | 69.000000 | 72.000 | 0.0002 | 0.031250 | NO          | 116.55492 | 
415   | 26       | 67.489188  | 67.484449 | 73.000000 | 72.000 | 0.0002 | 0.031250 | NO          | 116.71404 | 
416   | 27       | 67.489188  | 67.487250 | 57.000000 | 72.000 | 0.0002 | 0.031250 | NO          | 116.86951 | 
417   | 28       | 67.489188  | 67.480544 | 71.000000 | 72.000 | 0.0002 | 0.031250 | NO          | 117.02404 | 
418   | 29       | 67.489188  | 67.484600 | 83.000000 | 72.000 | 0.0002 | 0.031250 | NO          | 117.17759 | 
419   | 30       | 67.489188  | 67.487742 | 67.000000 | 72.000 | 0.0002 | 0.031250 | NO          | 117.33137 | 
420   | 0        | 67.490202  | 67.490202 | 57.000000 | 72.000 | 0.0001 | 0.015625 | NO          | 117.49455 | 
421   | 1        | 67.490202  | 67.485682 | 63.000000 | 72.000 | 0.0001 | 0.015625 | NO          | 117.65401 | 
422   | 0        | 67.491733  | 67.491733 | 63.000000 | 72.000 | 0.0001 | 0.015625 | NO          | 117.81306 | 
423   | 0        | 67.493980  | 67.493980 | 57.000000 | 72.000 | 0.0001 | 0.015625 | NO          | 117.96792 | 
424   | 1        | 67.493980  | 67.490159 | 63.000000 | 72.000 | 0.0001 | 0.015625 | NO          | 118.12057 | 
425   | 2        | 67.493980  | 67.491659 | 73.000000 | 72.000 | 0.0001 | 0.015625 | NO          | 118.27983 | 
426   | 3        | 67.493980  | 67.490825 | 77.000000 | 72.000 | 0.0001 | 0.015625 | NO          | 118.43944 | 
427   | 4        | 67.493980  | 67.492483 | 67.000000 | 72.000 | 0.0001 | 0.015625 | NO          | 118.59309 | 
428   | 5        | 67.493980  | 67.492406 | 67.000000 | 72.000 | 0.0001 | 0.015625 | NO          | 118.75245 | 
429   | 0        | 67.494427  | 67.494427 | 63.000000 | 72.000 | 0.0001 | 0.015625 | NO          | 118.90538 | 
430   | 1        | 67.494427  | 67.491347 | 67.000000 | 72.000 | 0.0001 | 0.015625 | NO          | 119.06083 | 
431   | 2        | 67.494427  | 67.493834 | 80.000000 | 72.000 | 0.0001 | 0.015625 | NO          | 119.22437 | 
432   | 3        | 67.494427  | 67.492452 | 57.000000 | 72.000 | 0.0001 | 0.015625 | NO          | 119.37762 | 
433   | 4        | 67.494427  | 67.494249 | 73.000000 | 72.000 | 0.0001 | 0.015625 | NO          | 119.53068 | 
Iter  | Wout Imp | LB         | Lagr Cost | Real Cost | UB     | Step   | Lambda   | Feasibility | Time      | 
1     | 0        | 67.488581  | 67.488581 | 70.000000 | 80.000 | 0.0000 | 2.000000 | NO          | 119.74044 | 
2     | 1        | 67.488581  | 64.864532 | 69.000000 | 80.000 | 0.0454 | 2.000000 | NO          | 119.91607 | 
3     | 2        | 67.488581  | 64.269477 | 67.000000 | 74.000 | 0.0566 | 2.000000 | NO          | 120.08603 | 
4     | 3        | 67.488581  | 65.313692 | 71.000000 | 74.000 | 0.0339 | 2.000000 | NO          | 120.25285 | 
5     | 4        | 67.488581  | 65.706937 | 67.000000 | 74.000 | 0.0336 | 2.000000 | NO          | 120.41693 | 
6     | 5        | 67.488581  | 65.613850 | 63.000000 | 74.000 | 0.0309 | 2.000000 | NO          | 120.57053 | 
7     | 6        | 67.488581  | 65.372326 | 67.000000 | 74.000 | 0.0299 | 2.000000 | NO          | 120.73009 | 
8     | 7        | 67.488581  | 65.953892 | 57.000000 | 74.000 | 0.0337 | 2.000000 | NO          | 120.89215 | 
9     | 8        | 67.488581  | 65.737562 | 76.000000 | 74.000 | 0.0275 | 2.000000 | NO          | 121.05055 | 
10    | 9        | 67.488581  | 65.493970 | 70.000000 | 74.000 | 0.0286 | 2.000000 | NO          | 121.20572 | 
11    | 10       | 67.488581  | 65.438146 | 53.000000 | 74.000 | 0.0316 | 2.000000 | NO          | 121.35875 | 
12    | 11       | 67.488581  | 65.106624 | 77.000000 | 74.000 | 0.0271 | 2.000000 | NO          | 121.51172 | 
13    | 12       | 67.488581  | 65.806840 | 63.000000 | 74.000 | 0.0336 | 2.000000 | NO          | 121.67059 | 
14    | 13       | 67.488581  | 66.188847 | 61.000000 | 74.000 | 0.0312 | 2.000000 | NO          | 121.82394 | 
15    | 14       | 67.488581  | 65.436010 | 79.000000 | 74.000 | 0.0270 | 2.000000 | NO          | 121.97663 | 
16    | 15       | 67.488581  | 65.280100 | 74.000000 | 74.000 | 0.0298 | 2.000000 | NO          | 122.13043 | 
17    | 16       | 67.488581  | 65.750958 | 63.000000 | 74.000 | 0.0325 | 2.000000 | NO          | 122.29150 | 
18    | 17       | 67.488581  | 65.786574 | 53.000000 | 74.000 | 0.0317 | 2.000000 | NO          | 122.44541 | 
19    | 18       | 67.488581  | 65.803467 | 77.000000 | 74.000 | 0.0294 | 2.000000 | NO          | 122.59882 | 
20    | 19       | 67.488581  | 65.722715 | 62.000000 | 74.000 | 0.0303 | 2.000000 | NO          | 122.75796 | 
21    | 20       | 67.488581  | 65.385190 | 67.000000 | 74.000 | 0.0277 | 2.000000 | NO          | 122.91166 | 
22    | 21       | 67.488581  | 65.947081 | 66.000000 | 74.000 | 0.0332 | 2.000000 | NO          | 123.06441 | 
23    | 22       | 67.488581  | 66.317083 | 77.000000 | 74.000 | 0.0313 | 2.000000 | NO          | 123.22374 | 
24    | 23       | 67.488581  | 65.832687 | 73.000000 | 74.000 | 0.0282 | 2.000000 | NO          | 123.37859 | 
25    | 24       | 67.488581  | 65.353853 | 63.000000 | 74.000 | 0.0268 | 2.000000 | NO          | 123.53148 | 
26    | 25       | 67.488581  | 65.397163 | 67.000000 | 74.000 | 0.0314 | 2.000000 | NO          | 123.68433 | 
27    | 26       | 67.488581  | 65.750875 | 73.000000 | 74.000 | 0.0311 | 2.000000 | NO          | 123.83804 | 
28    | 27       | 67.488581  | 65.678522 | 53.000000 | 74.000 | 0.0292 | 2.000000 | NO          | 123.99066 | 
29    | 28       | 67.488581  | 65.073636 | 67.000000 | 74.000 | 0.0270 | 2.000000 | NO          | 124.15021 | 
30    | 29       | 67.488581  | 65.380398 | 73.000000 | 74.000 | 0.0348 | 2.000000 | NO          | 124.31264 | 
31    | 30       | 67.488581  | 65.567467 | 73.000000 | 74.000 | 0.0272 | 2.000000 | NO          | 124.46918 | 
32    | 1        | 67.488581  | 65.676490 | 67.000000 | 74.000 | 0.0145 | 1.000000 | NO          | 124.62849 | 
33    | 2        | 67.488581  | 66.059648 | 57.000000 | 74.000 | 0.0160 | 1.000000 | NO          | 124.78453 | 
34    | 3        | 67.488581  | 66.106225 | 67.000000 | 74.000 | 0.0142 | 1.000000 | NO          | 124.93812 | 
35    | 4        | 67.488581  | 66.318722 | 69.000000 | 74.000 | 0.0151 | 1.000000 | NO          | 125.09152 | 
36    | 5        | 67.488581  | 66.312979 | 67.000000 | 74.000 | 0.0129 | 1.000000 | NO          | 125.25088 | 
37    | 6        | 67.488581  | 66.773395 | 62.000000 | 74.000 | 0.0148 | 1.000000 | NO          | 125.40472 | 
38    | 7        | 67.488581  | 66.474924 | 71.000000 | 74.000 | 0.0126 | 1.000000 | NO          | 125.56149 | 
39    | 8        | 67.488581  | 66.765568 | 79.000000 | 74.000 | 0.0144 | 1.000000 | NO          | 125.71480 | 
40    | 9        | 67.488581  | 66.703090 | 53.000000 | 74.000 | 0.0138 | 1.000000 | NO          | 125.86775 | 
41    | 10       | 67.488581  | 66.651505 | 73.000000 | 74.000 | 0.0135 | 1.000000 | NO          | 126.02408 | 
42    | 11       | 67.488581  | 66.692843 | 67.000000 | 74.000 | 0.0134 | 1.000000 | NO          | 126.18368 | 
43    | 12       | 67.488581  | 66.809037 | 58.000000 | 74.000 | 0.0140 | 1.000000 | NO          | 126.33668 | 
44    | 13       | 67.488581  | 66.707120 | 67.000000 | 74.000 | 0.0127 | 1.000000 | NO          | 126.49607 | 
45    | 14       | 67.488581  | 66.827934 | 83.000000 | 74.000 | 0.0140 | 1.000000 | NO          | 126.65181 | 
46    | 15       | 67.488581  | 66.561615 | 57.000000 | 74.000 | 0.0126 | 1.000000 | NO          | 126.80523 | 
47    | 16       | 67.488581  | 66.648934 | 77.000000 | 74.000 | 0.0133 | 1.000000 | NO          | 126.96461 | 
48    | 17       | 67.488581  | 66.788326 | 71.000000 | 74.000 | 0.0135 | 1.000000 | NO          | 127.11836 | 
49    | 18       | 67.488581  | 66.754726 | 69.000000 | 74.000 | 0.0135 | 1.000000 | NO          | 127.27142 | 
50    | 19       | 67.488581  | 66.730102 | 53.000000 | 74.000 | 0.0136 | 1.000000 | NO          | 127.42414 | 
51    | 20       | 67.488581  | 66.388661 | 67.000000 | 74.000 | 0.0115 | 1.000000 | NO          | 127.57791 | 
52    | 21       | 67.488581  | 66.767026 | 77.000000 | 74.000 | 0.0147 | 1.000000 | NO          | 127.73931 | 
53    | 22       | 67.488581  | 66.738415 | 73.000000 | 74.000 | 0.0136 | 1.000000 | NO          | 127.89195 | 
54    | 23       | 67.488581  | 66.204773 | 57.000000 | 74.000 | 0.0117 | 1.000000 | NO          | 128.04491 | 
55    | 24       | 67.488581  | 66.607992 | 67.000000 | 74.000 | 0.0128 | 1.000000 | NO          | 128.19841 | 
56    | 25       | 67.488581  | 66.948990 | 73.000000 | 74.000 | 0.0142 | 1.000000 | NO          | 128.35214 | 
57    | 26       | 67.488581  | 66.770647 | 73.000000 | 74.000 | 0.0127 | 1.000000 | NO          | 128.50542 | 
58    | 27       | 67.488581  | 66.316485 | 57.000000 | 74.000 | 0.0123 | 1.000000 | NO          | 128.65833 | 
59    | 28       | 67.488581  | 66.391730 | 67.000000 | 74.000 | 0.0117 | 1.000000 | NO          | 128.81408 | 
60    | 29       | 67.488581  | 66.729212 | 69.000000 | 74.000 | 0.0147 | 1.000000 | NO          | 128.98329 | 
61    | 30       | 67.488581  | 66.700115 | 67.000000 | 74.000 | 0.0117 | 1.000000 | NO          | 129.13720 | 
62    | 1        | 67.488581  | 66.873431 | 58.000000 | 74.000 | 0.0070 | 0.500000 | NO          | 129.28995 | 
63    | 2        | 67.488581  | 66.826984 | 77.000000 | 74.000 | 0.0066 | 0.500000 | NO          | 129.44359 | 
64    | 3        | 67.488581  | 67.020598 | 64.000000 | 74.000 | 0.0063 | 0.500000 | NO          | 129.60206 | 
65    | 4        | 67.488581  | 67.019405 | 73.000000 | 74.000 | 0.0069 | 0.500000 | NO          | 129.75969 | 
66    | 5        | 67.488581  | 67.005122 | 61.000000 | 74.000 | 0.0050 | 0.500000 | NO          | 129.91272 | 
67    | 6        | 67.488581  | 67.028068 | 79.000000 | 74.000 | 0.0065 | 0.500000 | NO          | 130.06622 | 
68    | 7        | 67.488581  | 67.075706 | 61.000000 | 74.000 | 0.0062 | 0.500000 | NO          | 130.22466 | 
69    | 8        | 67.488581  | 66.974351 | 70.000000 | 74.000 | 0.0051 | 0.500000 | NO          | 130.38400 | 
70    | 9        | 67.488581  | 67.161133 | 73.000000 | 74.000 | 0.0068 | 0.500000 | NO          | 130.53796 | 
71    | 10       | 67.488581  | 67.093490 | 69.000000 | 74.000 | 0.0051 | 0.500000 | NO          | 130.69751 | 
72    | 11       | 67.488581  | 66.915762 | 71.000000 | 74.000 | 0.0058 | 0.500000 | NO          | 130.85286 | 
73    | 12       | 67.488581  | 67.041183 | 57.000000 | 74.000 | 0.0068 | 0.500000 | NO          | 131.00852 | 
74    | 13       | 67.488581  | 66.907388 | 67.000000 | 74.000 | 0.0053 | 0.500000 | NO          | 131.16220 | 
75    | 14       | 67.488581  | 67.217475 | 69.000000 | 74.000 | 0.0068 | 0.500000 | NO          | 131.32256 | 
76    | 15       | 67.488581  | 67.140897 | 72.000000 | 74.000 | 0.0063 | 0.500000 | NO          | 131.47585 | 
77    | 16       | 67.488581  | 67.097518 | 73.000000 | 74.000 | 0.0064 | 0.500000 | NO          | 131.63541 | 
78    | 17       | 67.488581  | 67.137652 | 61.000000 | 74.000 | 0.0053 | 0.500000 | NO          | 131.79420 | 
79    | 18       | 67.488581  | 67.114602 | 73.000000 | 74.000 | 0.0063 | 0.500000 | NO          | 131.95275 | 
80    | 19       | 67.488581  | 67.079321 | 63.000000 | 74.000 | 0.0063 | 0.500000 | NO          | 132.10597 | 
81    | 20       | 67.488581  | 67.108386 | 73.000000 | 74.000 | 0.0067 | 0.500000 | NO          | 132.25960 | 
82    | 21       | 67.488581  | 67.112193 | 61.000000 | 74.000 | 0.0058 | 0.500000 | NO          | 132.41468 | 
83    | 22       | 67.488581  | 67.014483 | 77.000000 | 74.000 | 0.0059 | 0.500000 | NO          | 132.56836 | 
84    | 23       | 67.488581  | 67.144270 | 77.000000 | 74.000 | 0.0067 | 0.500000 | NO          | 132.72800 | 
85    | 24       | 67.488581  | 67.147232 | 59.000000 | 74.000 | 0.0062 | 0.500000 | NO          | 132.88141 | 
86    | 25       | 67.488581  | 67.195876 | 61.000000 | 74.000 | 0.0066 | 0.500000 | NO          | 133.03628 | 
87    | 26       | 67.488581  | 67.152591 | 69.000000 | 74.000 | 0.0059 | 0.500000 | NO          | 133.18910 | 
88    | 27       | 67.488581  | 67.092616 | 63.000000 | 74.000 | 0.0061 | 0.500000 | NO          | 133.34860 | 
89    | 28       | 67.488581  | 67.166467 | 58.000000 | 74.000 | 0.0066 | 0.500000 | NO          | 133.50139 | 
90    | 29       | 67.488581  | 67.079671 | 67.000000 | 74.000 | 0.0060 | 0.500000 | NO          | 133.67080 | 
91    | 30       | 67.488581  | 67.170395 | 79.000000 | 74.000 | 0.0067 | 0.500000 | NO          | 133.82781 | 
92    | 1        | 67.488581  | 67.279768 | 61.000000 | 74.000 | 0.0026 | 0.250000 | NO          | 133.98087 | 
93    | 2        | 67.488581  | 67.184854 | 63.000000 | 74.000 | 0.0026 | 0.250000 | NO          | 134.13623 | 
94    | 3        | 67.488581  | 67.260116 | 80.000000 | 74.000 | 0.0032 | 0.250000 | NO          | 134.28901 | 
95    | 4        | 67.488581  | 67.330017 | 74.000000 | 74.000 | 0.0031 | 0.250000 | NO          | 134.44293 | 
96    | 5        | 67.488581  | 67.350344 | 57.000000 | 74.000 | 0.0032 | 0.250000 | NO          | 134.59664 | 
97    | 6        | 67.488581  | 67.292403 | 77.000000 | 74.000 | 0.0026 | 0.250000 | NO          | 134.75099 | 
98    | 7        | 67.488581  | 67.280932 | 69.000000 | 74.000 | 0.0031 | 0.250000 | NO          | 134.90435 | 
99    | 8        | 67.488581  | 67.373442 | 61.000000 | 74.000 | 0.0031 | 0.250000 | NO          | 135.05782 | 
100   | 9        | 67.488581  | 67.326281 | 73.000000 | 74.000 | 0.0030 | 0.250000 | NO          | 135.21296 | 
101   | 10       | 67.488581  | 67.250207 | 63.000000 | 74.000 | 0.0023 | 0.250000 | NO          | 135.38637 | 
102   | 11       | 67.488581  | 67.168342 | 83.000000 | 74.000 | 0.0029 | 0.250000 | NO          | 135.54018 | 
103   | 12       | 67.488581  | 67.302035 | 61.000000 | 74.000 | 0.0030 | 0.250000 | NO          | 135.69323 | 
104   | 13       | 67.488581  | 67.298402 | 63.000000 | 74.000 | 0.0029 | 0.250000 | NO          | 135.85280 | 
105   | 14       | 67.488581  | 67.339739 | 63.000000 | 74.000 | 0.0030 | 0.250000 | NO          | 136.01473 | 
106   | 15       | 67.488581  | 67.309393 | 67.000000 | 74.000 | 0.0029 | 0.250000 | NO          | 136.17084 | 
107   | 16       | 67.488581  | 67.304320 | 73.000000 | 74.000 | 0.0032 | 0.250000 | NO          | 136.32428 | 
108   | 17       | 67.488581  | 67.363807 | 69.000000 | 74.000 | 0.0031 | 0.250000 | NO          | 136.47938 | 
109   | 18       | 67.488581  | 67.308859 | 61.000000 | 74.000 | 0.0030 | 0.250000 | NO          | 136.63245 | 
110   | 19       | 67.488581  | 67.272559 | 67.000000 | 74.000 | 0.0026 | 0.250000 | NO          | 136.78537 | 
111   | 20       | 67.488581  | 67.325647 | 73.000000 | 74.000 | 0.0032 | 0.250000 | NO          | 136.94468 | 
112   | 21       | 67.488581  | 67.348578 | 53.000000 | 74.000 | 0.0030 | 0.250000 | NO          | 137.09798 | 
113   | 22       | 67.488581  | 67.342629 | 73.000000 | 74.000 | 0.0029 | 0.250000 | NO          | 137.25143 | 
114   | 23       | 67.488581  | 67.304685 | 73.000000 | 74.000 | 0.0029 | 0.250000 | NO          | 137.41702 | 
115   | 24       | 67.488581  | 67.245141 | 61.000000 | 74.000 | 0.0027 | 0.250000 | NO          | 137.57808 | 
116   | 25       | 67.488581  | 67.252323 | 69.000000 | 74.000 | 0.0029 | 0.250000 | NO          | 137.73159 | 
117   | 26       | 67.488581  | 67.351951 | 63.000000 | 74.000 | 0.0030 | 0.250000 | NO          | 137.88555 | 
118   | 27       | 67.488581  | 67.271839 | 70.000000 | 74.000 | 0.0030 | 0.250000 | NO          | 138.04477 | 
119   | 28       | 67.488581  | 67.350589 | 67.000000 | 74.000 | 0.0032 | 0.250000 | NO          | 138.19770 | 
120   | 29       | 67.488581  | 67.331197 | 69.000000 | 74.000 | 0.0030 | 0.250000 | NO          | 138.35992 | 
121   | 30       | 67.488581  | 67.311316 | 66.000000 | 74.000 | 0.0028 | 0.250000 | NO          | 138.51616 | 
122   | 1        | 67.488581  | 67.333048 | 67.000000 | 74.000 | 0.0014 | 0.125000 | NO          | 138.67784 | 
123   | 2        | 67.488581  | 67.394569 | 73.000000 | 74.000 | 0.0015 | 0.125000 | NO          | 138.83767 | 
124   | 3        | 67.488581  | 67.389558 | 71.000000 | 74.000 | 0.0014 | 0.125000 | NO          | 138.99161 | 
125   | 4        | 67.488581  | 67.392501 | 67.000000 | 74.000 | 0.0016 | 0.125000 | NO          | 139.14554 | 
126   | 5        | 67.488581  | 67.400404 | 67.000000 | 74.000 | 0.0015 | 0.125000 | NO          | 139.30682 | 
127   | 6        | 67.488581  | 67.412736 | 67.000000 | 74.000 | 0.0015 | 0.125000 | NO          | 139.47237 | 
128   | 7        | 67.488581  | 67.416816 | 67.000000 | 74.000 | 0.0014 | 0.125000 | NO          | 139.62658 | 
129   | 8        | 67.488581  | 67.396434 | 73.000000 | 74.000 | 0.0015 | 0.125000 | NO          | 139.78117 | 
130   | 9        | 67.488581  | 67.402498 | 57.000000 | 74.000 | 0.0014 | 0.125000 | NO          | 139.93385 | 
131   | 10       | 67.488581  | 67.419272 | 83.000000 | 74.000 | 0.0015 | 0.125000 | NO          | 140.09320 | 
132   | 11       | 67.488581  | 67.414112 | 71.000000 | 74.000 | 0.0014 | 0.125000 | NO          | 140.24693 | 
133   | 12       | 67.488581  | 67.389844 | 67.000000 | 74.000 | 0.0015 | 0.125000 | NO          | 140.40685 | 
134   | 13       | 67.488581  | 67.436509 | 63.000000 | 74.000 | 0.0015 | 0.125000 | NO          | 140.56440 | 
135   | 14       | 67.488581  | 67.407218 | 70.000000 | 74.000 | 0.0014 | 0.125000 | NO          | 140.71758 | 
136   | 15       | 67.488581  | 67.406962 | 57.000000 | 74.000 | 0.0016 | 0.125000 | NO          | 140.87327 | 
137   | 16       | 67.488581  | 67.379367 | 63.000000 | 74.000 | 0.0012 | 0.125000 | NO          | 141.03754 | 
138   | 17       | 67.488581  | 67.403720 | 83.000000 | 74.000 | 0.0015 | 0.125000 | NO          | 141.20281 | 
139   | 18       | 67.488581  | 67.423259 | 64.000000 | 74.000 | 0.0014 | 0.125000 | NO          | 141.35642 | 
140   | 19       | 67.488581  | 67.411489 | 77.000000 | 74.000 | 0.0016 | 0.125000 | NO          | 141.51019 | 
141   | 20       | 67.488581  | 67.421286 | 57.000000 | 74.000 | 0.0015 | 0.125000 | NO          | 141.66367 | 
142   | 21       | 67.488581  | 67.379409 | 73.000000 | 74.000 | 0.0014 | 0.125000 | NO          | 141.81801 | 
143   | 22       | 67.488581  | 67.415428 | 67.000000 | 74.000 | 0.0015 | 0.125000 | NO          | 141.97946 | 
144   | 23       | 67.488581  | 67.406553 | 63.000000 | 74.000 | 0.0015 | 0.125000 | NO          | 142.13479 | 
145   | 24       | 67.488581  | 67.413274 | 63.000000 | 74.000 | 0.0014 | 0.125000 | NO          | 142.28821 | 
146   | 25       | 67.488581  | 67.423928 | 83.000000 | 74.000 | 0.0014 | 0.125000 | NO          | 142.44783 | 
147   | 26       | 67.488581  | 67.397935 | 61.000000 | 74.000 | 0.0014 | 0.125000 | NO          | 142.60165 | 
148   | 27       | 67.488581  | 67.394524 | 63.000000 | 74.000 | 0.0013 | 0.125000 | NO          | 142.75499 | 
149   | 28       | 67.488581  | 67.393172 | 67.000000 | 74.000 | 0.0014 | 0.125000 | NO          | 142.90851 | 
150   | 29       | 67.488581  | 67.409717 | 67.000000 | 72.000 | 0.0015 | 0.125000 | NO          | 143.07329 | 
151   | 30       | 67.488581  | 67.442501 | 67.000000 | 72.000 | 0.0010 | 0.125000 | NO          | 143.23762 | 
152   | 1        | 67.488581  | 67.455237 | 77.000000 | 72.000 | 0.0005 | 0.062500 | NO          | 143.39751 | 
153   | 2        | 67.488581  | 67.461706 | 65.000000 | 72.000 | 0.0005 | 0.062500 | NO          | 143.55137 | 
154   | 3        | 67.488581  | 67.463728 | 70.000000 | 72.000 | 0.0004 | 0.062500 | NO          | 143.70448 | 
155   | 4        | 67.488581  | 67.458135 | 64.000000 | 72.000 | 0.0005 | 0.062500 | NO          | 143.86372 | 
156   | 5        | 67.488581  | 67.476403 | 73.000000 | 72.000 | 0.0005 | 0.062500 | NO          | 144.02346 | 
157   | 6        | 67.488581  | 67.453691 | 73.000000 | 72.000 | 0.0005 | 0.062500 | NO          | 144.17927 | 
158   | 7        | 67.488581  | 67.469237 | 61.000000 | 72.000 | 0.0004 | 0.062500 | NO          | 144.33264 | 
159   | 8        | 67.488581  | 67.470752 | 77.000000 | 72.000 | 0.0005 | 0.062500 | NO          | 144.48600 | 
160   | 9        | 67.488581  | 67.464885 | 73.000000 | 72.000 | 0.0005 | 0.062500 | NO          | 144.63919 | 
161   | 10       | 67.488581  | 67.458402 | 63.000000 | 72.000 | 0.0004 | 0.062500 | NO          | 144.79258 | 
162   | 11       | 67.488581  | 67.456682 | 57.000000 | 72.000 | 0.0005 | 0.062500 | NO          | 144.94595 | 
163   | 12       | 67.488581  | 67.465511 | 67.000000 | 72.000 | 0.0005 | 0.062500 | NO          | 145.09967 | 
164   | 13       | 67.488581  | 67.465240 | 65.000000 | 72.000 | 0.0005 | 0.062500 | NO          | 145.25539 | 
165   | 14       | 67.488581  | 67.473255 | 83.000000 | 72.000 | 0.0005 | 0.062500 | NO          | 145.41525 | 
166   | 15       | 67.488581  | 67.471383 | 71.000000 | 72.000 | 0.0005 | 0.062500 | NO          | 145.56919 | 
167   | 16       | 67.488581  | 67.464548 | 63.000000 | 72.000 | 0.0005 | 0.062500 | NO          | 145.72864 | 
168   | 17       | 67.488581  | 67.476787 | 60.000000 | 72.000 | 0.0005 | 0.062500 | NO          | 145.88194 | 
169   | 18       | 67.488581  | 67.477235 | 79.000000 | 72.000 | 0.0005 | 0.062500 | NO          | 146.03856 | 
170   | 19       | 67.488581  | 67.468220 | 67.000000 | 72.000 | 0.0004 | 0.062500 | NO          | 146.19332 | 
171   | 20       | 67.488581  | 67.456192 | 67.000000 | 72.000 | 0.0005 | 0.062500 | NO          | 146.34691 | 
172   | 21       | 67.488581  | 67.469485 | 63.000000 | 72.000 | 0.0005 | 0.062500 | NO          | 146.50886 | 
173   | 22       | 67.488581  | 67.468001 | 57.000000 | 72.000 | 0.0005 | 0.062500 | NO          | 146.66258 | 
174   | 23       | 67.488581  | 67.465919 | 77.000000 | 72.000 | 0.0004 | 0.062500 | NO          | 146.81644 | 
175   | 24       | 67.488581  | 67.462295 | 69.000000 | 72.000 | 0.0005 | 0.062500 | NO          | 146.97117 | 
176   | 25       | 67.488581  | 67.473935 | 61.000000 | 72.000 | 0.0004 | 0.062500 | NO          | 147.12460 | 
177   | 26       | 67.488581  | 67.477199 | 65.000000 | 72.000 | 0.0005 | 0.062500 | NO          | 147.27774 | 
178   | 27       | 67.488581  | 67.463937 | 77.000000 | 72.000 | 0.0004 | 0.062500 | NO          | 147.43226 | 
179   | 28       | 67.488581  | 67.460591 | 63.000000 | 72.000 | 0.0005 | 0.062500 | NO          | 147.58844 | 
180   | 29       | 67.488581  | 67.473184 | 61.000000 | 72.000 | 0.0005 | 0.062500 | NO          | 147.75174 | 
181   | 30       | 67.488581  | 67.468451 | 70.000000 | 72.000 | 0.0004 | 0.062500 | NO          | 147.90480 | 
182   | 1        | 67.488581  | 67.469835 | 69.000000 | 72.000 | 0.0002 | 0.031250 | NO          | 148.05849 | 
183   | 2        | 67.488581  | 67.481428 | 71.000000 | 72.000 | 0.0002 | 0.031250 | NO          | 148.21191 | 
184   | 3        | 67.488581  | 67.477505 | 77.000000 | 72.000 | 0.0002 | 0.031250 | NO          | 148.36520 | 
185   | 4        | 67.488581  | 67.476731 | 62.000000 | 72.000 | 0.0002 | 0.031250 | NO          | 148.51831 | 
186   | 5        | 67.488581  | 67.475688 | 67.000000 | 72.000 | 0.0002 | 0.031250 | NO          | 148.67411 | 
187   | 6        | 67.488581  | 67.485898 | 67.000000 | 72.000 | 0.0002 | 0.031250 | NO          | 148.83329 | 
188   | 7        | 67.488581  | 67.486351 | 61.000000 | 72.000 | 0.0002 | 0.031250 | NO          | 148.98697 | 
189   | 8        | 67.488581  | 67.479696 | 77.000000 | 72.000 | 0.0002 | 0.031250 | NO          | 149.14095 | 
190   | 9        | 67.488581  | 67.483598 | 69.000000 | 72.000 | 0.0002 | 0.031250 | NO          | 149.30030 | 
191   | 10       | 67.488581  | 67.485725 | 61.000000 | 72.000 | 0.0002 | 0.031250 | NO          | 149.45375 | 
192   | 11       | 67.488581  | 67.479267 | 73.000000 | 72.000 | 0.0002 | 0.031250 | NO          | 149.60687 | 
193   | 12       | 67.488581  | 67.481594 | 70.000000 | 72.000 | 0.0002 | 0.031250 | NO          | 149.76335 | 
194   | 13       | 67.488581  | 67.479582 | 63.000000 | 72.000 | 0.0002 | 0.031250 | NO          | 149.91679 | 
195   | 0        | 67.488784  | 67.488784 | 53.000000 | 72.000 | 0.0002 | 0.031250 | NO          | 150.07022 | 
196   | 1        | 67.488784  | 67.483663 | 83.000000 | 72.000 | 0.0002 | 0.031250 | NO          | 150.22320 | 
197   | 2        | 67.488784  | 67.483185 | 71.000000 | 72.000 | 0.0002 | 0.031250 | NO          | 150.37782 | 
198   | 3        | 67.488784  | 67.483299 | 67.000000 | 72.000 | 0.0002 | 0.031250 | NO          | 150.53198 | 
199   | 4        | 67.488784  | 67.486304 | 67.000000 | 72.000 | 0.0002 | 0.031250 | NO          | 150.68520 | 
200   | 5        | 67.488784  | 67.486567 | 69.000000 | 72.000 | 0.0002 | 0.031250 | NO          | 150.83839 | 
201   | 6        | 67.488784  | 67.484345 | 67.000000 | 72.000 | 0.0002 | 0.031250 | NO          | 150.99729 | 
202   | 7        | 67.488784  | 67.480181 | 66.000000 | 72.000 | 0.0002 | 0.031250 | NO          | 151.15136 | 
203   | 8        | 67.488784  | 67.486054 | 61.000000 | 72.000 | 0.0002 | 0.031250 | NO          | 151.30461 | 
204   | 9        | 67.488784  | 67.478384 | 67.000000 | 72.000 | 0.0002 | 0.031250 | NO          | 151.45888 | 
205   | 10       | 67.488784  | 67.485832 | 81.000000 | 72.000 | 0.0002 | 0.031250 | NO          | 151.61810 | 
206   | 11       | 67.488784  | 67.485301 | 57.000000 | 72.000 | 0.0002 | 0.031250 | NO          | 151.77184 | 
207   | 12       | 67.488784  | 67.483144 | 81.000000 | 72.000 | 0.0002 | 0.031250 | NO          | 151.92584 | 
208   | 13       | 67.488784  | 67.485112 | 59.000000 | 72.000 | 0.0002 | 0.031250 | NO          | 152.08138 | 
209   | 14       | 67.488784  | 67.484782 | 73.000000 | 72.000 | 0.0002 | 0.031250 | NO          | 152.24145 | 
210   | 0        | 67.489893  | 67.489893 | 70.000000 | 72.000 | 0.0002 | 0.031250 | NO          | 152.40660 | 
211   | 1        | 67.489893  | 67.481405 | 57.000000 | 72.000 | 0.0002 | 0.031250 | NO          | 152.56078 | 
212   | 2        | 67.489893  | 67.485466 | 71.000000 | 72.000 | 0.0002 | 0.031250 | NO          | 152.71538 | 
213   | 3        | 67.489893  | 67.483372 | 59.000000 | 72.000 | 0.0002 | 0.031250 | NO          | 152.86959 | 
214   | 4        | 67.489893  | 67.483383 | 73.000000 | 72.000 | 0.0002 | 0.031250 | NO          | 153.02972 | 
215   | 5        | 67.489893  | 67.485425 | 67.000000 | 72.000 | 0.0002 | 0.031250 | NO          | 153.18548 | 
216   | 6        | 67.489893  | 67.484652 | 67.000000 | 72.000 | 0.0002 | 0.031250 | NO          | 153.33978 | 
217   | 7        | 67.489893  | 67.483836 | 73.000000 | 72.000 | 0.0002 | 0.031250 | NO          | 153.49365 | 
218   | 8        | 67.489893  | 67.484026 | 61.000000 | 72.000 | 0.0002 | 0.031250 | NO          | 153.64729 | 
219   | 9        | 67.489893  | 67.480221 | 73.000000 | 72.000 | 0.0002 | 0.031250 | NO          | 153.80174 | 
220   | 10       | 67.489893  | 67.486130 | 63.000000 | 72.000 | 0.0002 | 0.031250 | NO          | 153.95611 | 
221   | 11       | 67.489893  | 67.487667 | 73.000000 | 72.000 | 0.0002 | 0.031250 | NO          | 154.10997 | 
222   | 12       | 67.489893  | 67.482046 | 61.000000 | 72.000 | 0.0002 | 0.031250 | NO          | 154.26550 | 
223   | 13       | 67.489893  | 67.482154 | 63.000000 | 72.000 | 0.0002 | 0.031250 | NO          | 154.42008 | 
224   | 14       | 67.489893  | 67.486141 | 79.000000 | 72.000 | 0.0002 | 0.031250 | NO          | 154.58485 | 
225   | 15       | 67.489893  | 67.483929 | 57.000000 | 72.000 | 0.0002 | 0.031250 | NO          | 154.73832 | 
226   | 16       | 67.489893  | 67.481620 | 71.000000 | 72.000 | 0.0002 | 0.031250 | NO          | 154.89854 | 
227   | 17       | 67.489893  | 67.487927 | 66.000000 | 72.000 | 0.0002 | 0.031250 | NO          | 155.05865 | 
228   | 18       | 67.489893  | 67.484870 | 73.000000 | 72.000 | 0.0002 | 0.031250 | NO          | 155.21884 | 
229   | 19       | 67.489893  | 67.482736 | 61.000000 | 72.000 | 0.0002 | 0.031250 | NO          | 155.37271 | 
230   | 20       | 67.489893  | 67.475013 | 77.000000 | 72.000 | 0.0002 | 0.031250 | NO          | 155.52845 | 
231   | 21       | 67.489893  | 67.485722 | 69.000000 | 72.000 | 0.0002 | 0.031250 | NO          | 155.68268 | 
232   | 22       | 67.489893  | 67.481837 | 69.000000 | 72.000 | 0.0002 | 0.031250 | NO          | 155.83608 | 
233   | 23       | 67.489893  | 67.483749 | 57.000000 | 72.000 | 0.0002 | 0.031250 | NO          | 155.99227 | 
234   | 24       | 67.489893  | 67.489561 | 63.000000 | 72.000 | 0.0002 | 0.031250 | NO          | 156.14689 | 
235   | 25       | 67.489893  | 67.483015 | 67.000000 | 72.000 | 0.0002 | 0.031250 | NO          | 156.30194 | 
236   | 26       | 67.489893  | 67.487783 | 63.000000 | 72.000 | 0.0002 | 0.031250 | NO          | 156.45625 | 
237   | 27       | 67.489893  | 67.485958 | 67.000000 | 72.000 | 0.0002 | 0.031250 | NO          | 156.61833 | 
238   | 28       | 67.489893  | 67.484568 | 73.000000 | 72.000 | 0.0002 | 0.031250 | NO          | 156.77227 | 
239   | 29       | 67.489893  | 67.482183 | 77.000000 | 72.000 | 0.0002 | 0.031250 | NO          | 156.93208 | 
240   | 30       | 67.489893  | 67.482520 | 57.000000 | 72.000 | 0.0002 | 0.031250 | NO          | 157.09621 | 
241   | 1        | 67.489893  | 67.484258 | 77.000000 | 72.000 | 0.0001 | 0.015625 | NO          | 157.25050 | 
242   | 2        | 67.489893  | 67.488503 | 67.000000 | 72.000 | 0.0001 | 0.015625 | NO          | 157.40461 | 
243   | 3        | 67.489893  | 67.489398 | 63.000000 | 72.000 | 0.0001 | 0.015625 | NO          | 157.55874 | 
244   | 0        | 67.491317  | 67.491317 | 57.000000 | 72.000 | 0.0001 | 0.015625 | NO          | 157.71415 | 
245   | 1        | 67.491317  | 67.489598 | 73.000000 | 72.000 | 0.0001 | 0.015625 | NO          | 157.86775 | 
246   | 2        | 67.491317  | 67.490174 | 67.000000 | 72.000 | 0.0001 | 0.015625 | NO          | 158.02175 | 
247   | 0        | 67.494299  | 67.494299 | 73.000000 | 72.000 | 0.0001 | 0.015625 | NO          | 158.17606 | 
248   | 1        | 67.494299  | 67.491820 | 67.000000 | 72.000 | 0.0001 | 0.015625 | NO          | 158.33642 | 
249   | 2        | 67.494299  | 67.494062 | 67.000000 | 72.000 | 0.0001 | 0.015625 | NO          | 158.49048 | 
250   | 3        | 67.494299  | 67.492033 | 67.000000 | 72.000 | 0.0001 | 0.015625 | NO          | 158.64425 | 
251   | 4        | 67.494299  | 67.492703 | 79.000000 | 72.000 | 0.0001 | 0.015625 | NO          | 158.79791 | 
252   | 5        | 67.494299  | 67.490475 | 57.000000 | 72.000 | 0.0001 | 0.015625 | NO          | 158.95344 | 
253   | 6        | 67.494299  | 67.489413 | 67.000000 | 72.000 | 0.0001 | 0.015625 | NO          | 159.10690 | 
254   | 7        | 67.494299  | 67.493092 | 69.000000 | 72.000 | 0.0001 | 0.015625 | NO          | 159.26692 | 
255   | 8        | 67.494299  | 67.493583 | 57.000000 | 72.000 | 0.0001 | 0.015625 | NO          | 159.42081 | 
256   | 9        | 67.494299  | 67.489965 | 77.000000 | 72.000 | 0.0001 | 0.015625 | NO          | 159.57516 | 
257   | 10       | 67.494299  | 67.491362 | 63.000000 | 72.000 | 0.0001 | 0.015625 | NO          | 159.73677 | 
258   | 0        | 67.494522  | 67.494522 | 67.000000 | 72.000 | 0.0001 | 0.015625 | NO          | 159.89376 | 
259   | 1        | 67.494522  | 67.493126 | 60.000000 | 72.000 | 0.0001 | 0.015625 | NO          | 160.04951 | 
260   | 2        | 67.494522  | 67.490314 | 79.000000 | 72.000 | 0.0001 | 0.015625 | NO          | 160.20376 | 
261   | 3        | 67.494522  | 67.492954 | 63.000000 | 72.000 | 0.0001 | 0.015625 | NO          | 160.35761 | 
262   | 4        | 67.494522  | 67.493749 | 66.000000 | 72.000 | 0.0001 | 0.015625 | NO          | 160.51135 | 
263   | 5        | 67.494522  | 67.492145 | 73.000000 | 72.000 | 0.0001 | 0.015625 | NO          | 160.67160 | 
264   | 6        | 67.494522  | 67.493873 | 67.000000 | 72.000 | 0.0001 | 0.015625 | NO          | 160.82537 | 
265   | 7        | 67.494522  | 67.491350 | 63.000000 | 72.000 | 0.0001 | 0.015625 | NO          | 160.98102 | 
266   | 8        | 67.494522  | 67.492294 | 79.000000 | 72.000 | 0.0001 | 0.015625 | NO          | 161.13790 | 
267   | 9        | 67.494522  | 67.491460 | 57.000000 | 72.000 | 0.0001 | 0.015625 | NO          | 161.29173 | 
268   | 10       | 67.494522  | 67.492779 | 71.000000 | 72.000 | 0.0001 | 0.015625 | NO          | 161.44648 | 
269   | 11       | 67.494522  | 67.490476 | 63.000000 | 72.000 | 0.0001 | 0.015625 | NO          | 161.60640 | 
270   | 12       | 67.494522  | 67.494227 | 79.000000 | 72.000 | 0.0001 | 0.015625 | NO          | 161.76986 | 
271   | 13       | 67.494522  | 67.491870 | 57.000000 | 72.000 | 0.0001 | 0.015625 | NO          | 161.92409 | 
272   | 14       | 67.494522  | 67.488686 | 71.000000 | 72.000 | 0.0001 | 0.015625 | NO          | 162.07905 | 
273   | 15       | 67.494522  | 67.491424 | 63.000000 | 72.000 | 0.0001 | 0.015625 | NO          | 162.23358 | 
274   | 16       | 67.494522  | 67.494221 | 63.000000 | 72.000 | 0.0001 | 0.015625 | NO          | 162.39583 | 
275   | 17       | 67.494522  | 67.490078 | 67.000000 | 72.000 | 0.0001 | 0.015625 | NO          | 162.54964 | 
276   | 18       | 67.494522  | 67.493745 | 73.000000 | 72.000 | 0.0001 | 0.015625 | NO          | 162.70322 | 
277   | 19       | 67.494522  | 67.491926 | 63.000000 | 72.000 | 0.0001 | 0.015625 | NO          | 162.86334 | 
278   | 20       | 67.494522  | 67.492221 | 67.000000 | 72.000 | 0.0001 | 0.015625 | NO          | 163.02030 | 
279   | 21       | 67.494522  | 67.491885 | 67.000000 | 72.000 | 0.0001 | 0.015625 | NO          | 163.18072 | 
280   | 22       | 67.494522  | 67.494185 | 76.000000 | 72.000 | 0.0001 | 0.015625 | NO          | 163.33852 | 
281   | 23       | 67.494522  | 67.492253 | 67.000000 | 72.000 | 0.0001 | 0.015625 | NO          | 163.49525 | 
282   | 24       | 67.494522  | 67.489214 | 61.000000 | 72.000 | 0.0001 | 0.015625 | NO          | 163.64963 | 
283   | 25       | 67.494522  | 67.492940 | 63.000000 | 72.000 | 0.0001 | 0.015625 | NO          | 163.81186 | 
284   | 26       | 67.494522  | 67.491798 | 83.000000 | 72.000 | 0.0001 | 0.015625 | NO          | 163.97218 | 
285   | 27       | 67.494522  | 67.492953 | 67.000000 | 72.000 | 0.0001 | 0.015625 | NO          | 164.12625 | 
286   | 28       | 67.494522  | 67.492006 | 71.000000 | 72.000 | 0.0001 | 0.015625 | NO          | 164.28664 | 
287   | 29       | 67.494522  | 67.494236 | 53.000000 | 72.000 | 0.0001 | 0.015625 | NO          | 164.44398 | 
288   | 0        | 67.494857  | 67.494857 | 69.000000 | 72.000 | 0.0001 | 0.015625 | NO          | 164.60014 | 
289   | 1        | 67.494857  | 67.492079 | 73.000000 | 72.000 | 0.0001 | 0.015625 | NO          | 164.75401 | 
