Iter  | Wout Imp | LB         | Lagr Cost | Real Cost | UB     | Step   | Lambda   | Feasibility | Time      | 
1     | 0        | 41.000000  | 41.000000 | 41.000000 | 84.000 | 0.0000 | 2.000000 | NO          | 0.768301  | 
2     | 1        | 41.000000  | 35.524804 | 41.000000 | 84.000 | 0.1368 | 2.000000 | NO          | 0.794983  | 
3     | 0        | 46.823001  | 46.823001 | 41.000000 | 84.000 | 0.1282 | 2.000000 | NO          | 0.818812  | 
4     | 0        | 52.715089  | 52.715089 | 59.000000 | 84.000 | 0.1061 | 2.000000 | NO          | 0.840800  | 
5     | 1        | 52.715089  | 49.643475 | 47.000000 | 84.000 | 0.0835 | 2.000000 | NO          | 0.862323  | 
6     | 0        | 54.336156  | 54.336156 | 47.000000 | 84.000 | 0.1236 | 2.000000 | NO          | 0.862560  | 
7     | 1        | 54.336156  | 52.373705 | 56.000000 | 84.000 | 0.0939 | 2.000000 | NO          | 0.862726  | 
8     | 0        | 56.429965  | 56.429965 | 60.000000 | 84.000 | 0.0946 | 2.000000 | NO          | 0.862876  | 
9     | 1        | 56.429965  | 54.633883 | 51.000000 | 84.000 | 0.1010 | 2.000000 | NO          | 0.863017  | 
10    | 2        | 56.429965  | 55.193952 | 57.000000 | 84.000 | 0.1053 | 2.000000 | NO          | 0.863165  | 
11    | 0        | 56.568502  | 56.568502 | 55.000000 | 84.000 | 0.1055 | 2.000000 | NO          | 0.863313  | 
12    | 0        | 57.765054  | 57.765054 | 68.000000 | 84.000 | 0.0973 | 2.000000 | NO          | 0.863462  | 
13    | 0        | 59.057306  | 59.057306 | 54.000000 | 84.000 | 0.0930 | 2.000000 | NO          | 0.863613  | 
14    | 1        | 59.057306  | 58.642066 | 57.000000 | 84.000 | 0.0988 | 2.000000 | NO          | 0.863764  | 
15    | 2        | 59.057306  | 58.208610 | 53.000000 | 84.000 | 0.0651 | 2.000000 | NO          | 0.863914  | 
16    | 0        | 60.313499  | 60.313499 | 67.000000 | 84.000 | 0.0982 | 2.000000 | NO          | 0.864061  | 
17    | 1        | 60.313499  | 59.983335 | 65.000000 | 84.000 | 0.0892 | 2.000000 | NO          | 0.864217  | 
18    | 2        | 60.313499  | 59.025192 | 51.000000 | 84.000 | 0.0878 | 2.000000 | NO          | 0.864369  | 
19    | 3        | 60.313499  | 59.252765 | 54.000000 | 84.000 | 0.0830 | 2.000000 | NO          | 0.864515  | 
20    | 4        | 60.313499  | 59.916688 | 63.000000 | 84.000 | 0.0898 | 2.000000 | NO          | 0.864682  | 
21    | 5        | 60.313499  | 59.527412 | 65.000000 | 84.000 | 0.0776 | 2.000000 | NO          | 0.864831  | 
22    | 6        | 60.313499  | 59.920305 | 53.000000 | 84.000 | 0.0942 | 2.000000 | NO          | 0.865006  | 
23    | 7        | 60.313499  | 58.416130 | 73.000000 | 84.000 | 0.0808 | 2.000000 | NO          | 0.865164  | 
24    | 8        | 60.313499  | 59.196083 | 55.000000 | 84.000 | 0.0755 | 2.000000 | NO          | 0.865335  | 
25    | 9        | 60.313499  | 60.113132 | 65.000000 | 84.000 | 0.0835 | 2.000000 | NO          | 0.865494  | 
26    | 10       | 60.313499  | 59.964645 | 53.000000 | 84.000 | 0.0894 | 2.000000 | NO          | 0.865654  | 
27    | 0        | 61.089765  | 61.089765 | 75.000000 | 84.000 | 0.0839 | 2.000000 | NO          | 0.865830  | 
28    | 1        | 61.089765  | 59.107134 | 57.000000 | 84.000 | 0.0812 | 2.000000 | NO          | 0.865988  | 
29    | 2        | 61.089765  | 58.814367 | 53.000000 | 84.000 | 0.0913 | 2.000000 | NO          | 0.866140  | 
30    | 3        | 61.089765  | 60.963945 | 62.000000 | 84.000 | 0.0772 | 2.000000 | NO          | 0.887778  | 
31    | 4        | 61.089765  | 59.388916 | 68.000000 | 84.000 | 0.0877 | 2.000000 | NO          | 0.888012  | 
32    | 0        | 62.092840  | 62.092840 | 63.000000 | 84.000 | 0.0873 | 2.000000 | NO          | 0.888185  | 
33    | 1        | 62.092840  | 59.075446 | 57.000000 | 84.000 | 0.0708 | 2.000000 | NO          | 0.888340  | 
34    | 2        | 62.092840  | 60.064783 | 61.000000 | 84.000 | 0.0834 | 2.000000 | NO          | 0.888487  | 
35    | 3        | 62.092840  | 61.331653 | 65.000000 | 84.000 | 0.0800 | 2.000000 | NO          | 0.888647  | 
36    | 4        | 62.092840  | 61.668710 | 57.000000 | 84.000 | 0.0869 | 2.000000 | NO          | 0.888808  | 
37    | 5        | 62.092840  | 58.987714 | 62.000000 | 84.000 | 0.0712 | 2.000000 | NO          | 0.888965  | 
38    | 6        | 62.092840  | 60.615748 | 69.000000 | 84.000 | 0.0904 | 2.000000 | NO          | 0.889124  | 
39    | 7        | 62.092840  | 61.138702 | 57.000000 | 84.000 | 0.0792 | 2.000000 | NO          | 0.889271  | 
40    | 8        | 62.092840  | 59.694148 | 61.000000 | 84.000 | 0.0692 | 2.000000 | NO          | 0.889420  | 
41    | 9        | 62.092840  | 60.306607 | 65.000000 | 84.000 | 0.0818 | 2.000000 | NO          | 0.889576  | 
42    | 10       | 62.092840  | 60.235016 | 57.000000 | 84.000 | 0.0815 | 2.000000 | NO          | 0.889735  | 
43    | 11       | 62.092840  | 61.497154 | 62.000000 | 84.000 | 0.0828 | 2.000000 | NO          | 0.889891  | 
44    | 12       | 62.092840  | 60.975533 | 75.000000 | 84.000 | 0.0813 | 2.000000 | NO          | 0.890044  | 
45    | 13       | 62.092840  | 61.009703 | 53.000000 | 84.000 | 0.0860 | 2.000000 | NO          | 0.890195  | 
46    | 14       | 62.092840  | 61.488283 | 63.000000 | 84.000 | 0.0742 | 2.000000 | NO          | 0.890351  | 
47    | 15       | 62.092840  | 61.439376 | 73.000000 | 84.000 | 0.0815 | 2.000000 | NO          | 0.890504  | 
48    | 0        | 62.565835  | 62.565835 | 61.000000 | 84.000 | 0.0740 | 2.000000 | NO          | 0.890669  | 
49    | 1        | 62.565835  | 62.444045 | 73.000000 | 84.000 | 0.0801 | 2.000000 | NO          | 0.890828  | 
50    | 2        | 62.565835  | 60.058727 | 68.000000 | 84.000 | 0.0597 | 2.000000 | NO          | 0.890984  | 
51    | 3        | 62.565835  | 59.118437 | 57.000000 | 84.000 | 0.0871 | 2.000000 | NO          | 0.891129  | 
52    | 4        | 62.565835  | 62.290157 | 74.000000 | 84.000 | 0.0833 | 2.000000 | NO          | 0.891278  | 
53    | 0        | 62.962467  | 62.962467 | 59.000000 | 84.000 | 0.0778 | 2.000000 | NO          | 0.891435  | 
54    | 1        | 62.962467  | 60.032890 | 73.000000 | 84.000 | 0.0705 | 2.000000 | NO          | 0.891590  | 
55    | 2        | 62.962467  | 61.394322 | 63.000000 | 84.000 | 0.0810 | 2.000000 | NO          | 0.891757  | 
56    | 3        | 62.962467  | 62.523796 | 56.000000 | 84.000 | 0.0831 | 2.000000 | NO          | 0.891912  | 
57    | 0        | 63.569014  | 63.569014 | 65.000000 | 84.000 | 0.0821 | 2.000000 | NO          | 0.892065  | 
58    | 1        | 63.569014  | 63.234255 | 74.000000 | 84.000 | 0.0787 | 2.000000 | NO          | 0.892218  | 
59    | 2        | 63.569014  | 63.356671 | 53.000000 | 84.000 | 0.0719 | 2.000000 | NO          | 0.892373  | 
60    | 3        | 63.569014  | 62.879059 | 65.000000 | 84.000 | 0.0717 | 2.000000 | NO          | 0.919193  | 
61    | 4        | 63.569014  | 62.065829 | 66.000000 | 84.000 | 0.0764 | 2.000000 | NO          | 0.919423  | 
62    | 0        | 64.100228  | 64.100228 | 63.000000 | 84.000 | 0.0806 | 2.000000 | NO          | 0.919609  | 
63    | 1        | 64.100228  | 61.893569 | 69.000000 | 84.000 | 0.0672 | 2.000000 | NO          | 0.919801  | 
64    | 2        | 64.100228  | 63.515714 | 69.000000 | 84.000 | 0.0839 | 2.000000 | NO          | 0.919971  | 
65    | 3        | 64.100228  | 63.238885 | 63.000000 | 84.000 | 0.0747 | 2.000000 | NO          | 0.920128  | 
66    | 4        | 64.100228  | 61.760722 | 69.000000 | 84.000 | 0.0694 | 2.000000 | NO          | 0.920286  | 
67    | 5        | 64.100228  | 62.104297 | 59.000000 | 84.000 | 0.0759 | 2.000000 | NO          | 0.920503  | 
68    | 6        | 64.100228  | 62.554445 | 77.000000 | 84.000 | 0.0815 | 2.000000 | NO          | 0.920690  | 
69    | 7        | 64.100228  | 63.988433 | 69.000000 | 84.000 | 0.0806 | 2.000000 | NO          | 0.920843  | 
70    | 8        | 64.100228  | 62.311663 | 53.000000 | 84.000 | 0.0633 | 2.000000 | NO          | 0.920991  | 
71    | 9        | 64.100228  | 62.624252 | 79.000000 | 84.000 | 0.0819 | 2.000000 | NO          | 0.921137  | 
72    | 10       | 64.100228  | 63.980073 | 69.000000 | 84.000 | 0.0817 | 2.000000 | NO          | 0.921283  | 
73    | 11       | 64.100228  | 63.039086 | 57.000000 | 84.000 | 0.0728 | 2.000000 | NO          | 0.921427  | 
74    | 12       | 64.100228  | 62.378185 | 70.000000 | 84.000 | 0.0652 | 2.000000 | NO          | 0.921587  | 
75    | 13       | 64.100228  | 61.959734 | 69.000000 | 84.000 | 0.0829 | 2.000000 | NO          | 0.921736  | 
76    | 14       | 64.100228  | 63.903601 | 57.000000 | 84.000 | 0.0787 | 2.000000 | NO          | 0.921883  | 
77    | 15       | 64.100228  | 63.169373 | 79.000000 | 84.000 | 0.0761 | 2.000000 | NO          | 0.922026  | 
78    | 16       | 64.100228  | 63.281856 | 67.000000 | 84.000 | 0.0664 | 2.000000 | NO          | 0.922169  | 
79    | 17       | 64.100228  | 61.276089 | 63.000000 | 84.000 | 0.0707 | 2.000000 | NO          | 0.922313  | 
80    | 18       | 64.100228  | 62.369621 | 61.000000 | 84.000 | 0.0810 | 2.000000 | NO          | 0.922461  | 
81    | 19       | 64.100228  | 61.260454 | 73.000000 | 84.000 | 0.0686 | 2.000000 | NO          | 0.922626  | 
82    | 20       | 64.100228  | 61.732560 | 71.000000 | 84.000 | 0.0860 | 2.000000 | NO          | 0.922779  | 
83    | 21       | 64.100228  | 63.573604 | 69.000000 | 84.000 | 0.0834 | 2.000000 | NO          | 0.922925  | 
84    | 22       | 64.100228  | 63.673744 | 57.000000 | 84.000 | 0.0788 | 2.000000 | NO          | 0.923069  | 
85    | 23       | 64.100228  | 61.959041 | 73.000000 | 84.000 | 0.0673 | 2.000000 | NO          | 0.923214  | 
86    | 24       | 64.100228  | 60.859055 | 69.000000 | 84.000 | 0.0706 | 2.000000 | NO          | 0.923360  | 
87    | 25       | 64.100228  | 62.227477 | 73.000000 | 84.000 | 0.0789 | 2.000000 | NO          | 0.923535  | 
88    | 26       | 64.100228  | 61.033090 | 68.000000 | 84.000 | 0.0797 | 2.000000 | NO          | 0.923688  | 
89    | 27       | 64.100228  | 61.934221 | 57.000000 | 84.000 | 0.0782 | 2.000000 | NO          | 0.923835  | 
90    | 28       | 64.100228  | 62.744471 | 77.000000 | 84.000 | 0.0775 | 2.000000 | NO          | 0.945335  | 
91    | 29       | 64.100228  | 63.334593 | 77.000000 | 84.000 | 0.0808 | 2.000000 | NO          | 0.945554  | 
92    | 30       | 64.100228  | 62.861245 | 57.000000 | 84.000 | 0.0779 | 2.000000 | NO          | 0.945721  | 
93    | 1        | 64.100228  | 63.712608 | 63.000000 | 84.000 | 0.0323 | 1.000000 | NO          | 0.945871  | 
94    | 2        | 64.100228  | 64.086350 | 69.000000 | 84.000 | 0.0362 | 1.000000 | NO          | 0.946018  | 
95    | 0        | 64.915257  | 64.915257 | 57.000000 | 84.000 | 0.0320 | 1.000000 | NO          | 0.946162  | 
96    | 0        | 65.369210  | 65.369210 | 76.000000 | 84.000 | 0.0349 | 1.000000 | NO          | 0.946308  | 
97    | 1        | 65.369210  | 65.221515 | 57.000000 | 84.000 | 0.0327 | 1.000000 | NO          | 0.946455  | 
98    | 2        | 65.369210  | 64.575627 | 69.000000 | 84.000 | 0.0337 | 1.000000 | NO          | 0.946612  | 
99    | 0        | 65.689320  | 65.689320 | 63.000000 | 84.000 | 0.0365 | 1.000000 | NO          | 0.946757  | 
100   | 1        | 65.689320  | 65.320651 | 72.000000 | 84.000 | 0.0326 | 1.000000 | NO          | 0.946902  | 
101   | 2        | 65.689320  | 65.485710 | 69.000000 | 84.000 | 0.0343 | 1.000000 | NO          | 0.947047  | 
102   | 3        | 65.689320  | 64.969145 | 63.000000 | 84.000 | 0.0294 | 1.000000 | NO          | 0.947191  | 
103   | 4        | 65.689320  | 64.971140 | 61.000000 | 84.000 | 0.0350 | 1.000000 | NO          | 0.947336  | 
104   | 5        | 65.689320  | 64.468028 | 67.000000 | 84.000 | 0.0308 | 1.000000 | NO          | 0.947479  | 
105   | 0        | 66.233730  | 66.233730 | 69.000000 | 84.000 | 0.0385 | 1.000000 | NO          | 0.947626  | 
106   | 1        | 66.233730  | 65.571462 | 63.000000 | 84.000 | 0.0333 | 1.000000 | NO          | 0.947773  | 
107   | 2        | 66.233730  | 65.659851 | 63.000000 | 84.000 | 0.0329 | 1.000000 | NO          | 0.947946  | 
108   | 3        | 66.233730  | 64.835210 | 77.000000 | 84.000 | 0.0279 | 1.000000 | NO          | 0.948117  | 
109   | 4        | 66.233730  | 65.231574 | 67.000000 | 84.000 | 0.0359 | 1.000000 | NO          | 0.948281  | 
110   | 5        | 66.233730  | 64.765753 | 59.000000 | 84.000 | 0.0320 | 1.000000 | NO          | 0.948435  | 
111   | 0        | 66.238882  | 66.238882 | 71.000000 | 84.000 | 0.0370 | 1.000000 | NO          | 0.948589  | 
112   | 1        | 66.238882  | 65.327381 | 70.000000 | 84.000 | 0.0331 | 1.000000 | NO          | 0.948741  | 
113   | 2        | 66.238882  | 65.827707 | 77.000000 | 84.000 | 0.0364 | 1.000000 | NO          | 0.948887  | 
114   | 3        | 66.238882  | 64.516252 | 57.000000 | 84.000 | 0.0315 | 1.000000 | NO          | 0.949032  | 
115   | 4        | 66.238882  | 64.887479 | 73.000000 | 84.000 | 0.0295 | 1.000000 | NO          | 0.949183  | 
116   | 5        | 66.238882  | 64.985649 | 63.000000 | 84.000 | 0.0360 | 1.000000 | NO          | 0.949327  | 
117   | 6        | 66.238882  | 65.628565 | 58.000000 | 84.000 | 0.0364 | 1.000000 | NO          | 0.949471  | 
118   | 7        | 66.238882  | 65.120498 | 73.000000 | 84.000 | 0.0320 | 1.000000 | NO          | 0.949620  | 
119   | 8        | 66.238882  | 65.298143 | 73.000000 | 84.000 | 0.0302 | 1.000000 | NO          | 0.949767  | 
120   | 9        | 66.238882  | 64.894305 | 63.000000 | 84.000 | 0.0320 | 1.000000 | NO          | 0.970927  | 
121   | 10       | 66.238882  | 65.059459 | 57.000000 | 84.000 | 0.0337 | 1.000000 | NO          | 0.971142  | 
122   | 11       | 66.238882  | 65.820877 | 77.000000 | 84.000 | 0.0350 | 1.000000 | NO          | 0.971303  | 
123   | 12       | 66.238882  | 65.022512 | 63.000000 | 84.000 | 0.0350 | 1.000000 | NO          | 0.971451  | 
124   | 13       | 66.238882  | 65.179665 | 73.000000 | 84.000 | 0.0329 | 1.000000 | NO          | 0.971614  | 
125   | 14       | 66.238882  | 64.921618 | 73.000000 | 84.000 | 0.0306 | 1.000000 | NO          | 0.971762  | 
126   | 15       | 66.238882  | 65.268298 | 61.000000 | 84.000 | 0.0357 | 1.000000 | NO          | 0.971907  | 
127   | 16       | 66.238882  | 64.954312 | 67.000000 | 84.000 | 0.0289 | 1.000000 | NO          | 0.972051  | 
128   | 17       | 66.238882  | 65.321356 | 73.000000 | 84.000 | 0.0367 | 1.000000 | NO          | 0.972195  | 
129   | 18       | 66.238882  | 65.838511 | 71.000000 | 84.000 | 0.0336 | 1.000000 | NO          | 0.972339  | 
130   | 19       | 66.238882  | 65.191534 | 71.000000 | 84.000 | 0.0339 | 1.000000 | NO          | 0.972483  | 
131   | 20       | 66.238882  | 65.941946 | 57.000000 | 84.000 | 0.0362 | 1.000000 | NO          | 0.972649  | 
132   | 21       | 66.238882  | 65.247941 | 79.000000 | 84.000 | 0.0336 | 1.000000 | NO          | 0.972798  | 
133   | 22       | 66.238882  | 65.149148 | 80.000000 | 84.000 | 0.0254 | 1.000000 | NO          | 0.972942  | 
134   | 23       | 66.238882  | 64.741163 | 63.000000 | 84.000 | 0.0340 | 1.000000 | NO          | 0.973086  | 
135   | 24       | 66.238882  | 65.242244 | 61.000000 | 84.000 | 0.0344 | 1.000000 | NO          | 0.973229  | 
136   | 25       | 66.238882  | 65.385844 | 63.000000 | 84.000 | 0.0336 | 1.000000 | NO          | 0.973374  | 
137   | 26       | 66.238882  | 65.494923 | 79.000000 | 84.000 | 0.0344 | 1.000000 | NO          | 0.973518  | 
138   | 27       | 66.238882  | 65.617500 | 57.000000 | 84.000 | 0.0334 | 1.000000 | NO          | 0.973668  | 
139   | 28       | 66.238882  | 65.885823 | 70.000000 | 84.000 | 0.0350 | 1.000000 | NO          | 0.973814  | 
140   | 29       | 66.238882  | 65.551822 | 63.000000 | 84.000 | 0.0330 | 1.000000 | NO          | 0.973959  | 
141   | 30       | 66.238882  | 65.798162 | 67.000000 | 84.000 | 0.0354 | 1.000000 | NO          | 0.974104  | 
142   | 1        | 66.238882  | 65.832685 | 69.000000 | 84.000 | 0.0164 | 0.500000 | NO          | 0.974249  | 
143   | 0        | 66.312051  | 66.312051 | 71.000000 | 84.000 | 0.0170 | 0.500000 | NO          | 0.974392  | 
144   | 1        | 66.312051  | 66.241959 | 57.000000 | 84.000 | 0.0170 | 0.500000 | NO          | 0.974536  | 
145   | 0        | 66.322362  | 66.322362 | 63.000000 | 84.000 | 0.0138 | 0.500000 | NO          | 0.974701  | 
146   | 1        | 66.322362  | 66.270041 | 81.000000 | 84.000 | 0.0161 | 0.500000 | NO          | 0.974848  | 
147   | 2        | 66.322362  | 66.314413 | 53.000000 | 84.000 | 0.0162 | 0.500000 | NO          | 0.975005  | 
148   | 0        | 66.649115  | 66.649115 | 73.000000 | 84.000 | 0.0168 | 0.500000 | NO          | 0.975149  | 
149   | 1        | 66.649115  | 66.541851 | 63.000000 | 84.000 | 0.0142 | 0.500000 | NO          | 0.975293  | 
150   | 2        | 66.649115  | 66.264114 | 67.000000 | 74.000 | 0.0156 | 0.500000 | NO          | 0.996695  | 
151   | 0        | 66.663879  | 66.663879 | 63.000000 | 74.000 | 0.0067 | 0.500000 | NO          | 0.996916  | 
152   | 0        | 66.736095  | 66.736095 | 71.000000 | 74.000 | 0.0071 | 0.500000 | NO          | 0.997079  | 
153   | 0        | 66.874421  | 66.874421 | 63.000000 | 74.000 | 0.0065 | 0.500000 | NO          | 0.997227  | 
154   | 0        | 66.972344  | 66.972344 | 70.000000 | 74.000 | 0.0063 | 0.500000 | NO          | 0.997382  | 
155   | 0        | 67.067228  | 67.067228 | 66.000000 | 74.000 | 0.0061 | 0.500000 | NO          | 0.997527  | 
156   | 1        | 67.067228  | 67.008544 | 66.000000 | 74.000 | 0.0065 | 0.500000 | NO          | 0.997680  | 
157   | 0        | 67.236810  | 67.236810 | 67.000000 | 74.000 | 0.0065 | 0.500000 | NO          | 0.997826  | 
158   | 1        | 67.236810  | 66.991871 | 53.000000 | 74.000 | 0.0065 | 0.500000 | NO          | 0.997973  | 
159   | 2        | 67.236810  | 67.066282 | 63.000000 | 74.000 | 0.0055 | 0.500000 | NO          | 0.998119  | 
160   | 3        | 67.236810  | 67.035351 | 79.000000 | 74.000 | 0.0066 | 0.500000 | NO          | 0.998267  | 
161   | 4        | 67.236810  | 67.019291 | 61.000000 | 74.000 | 0.0055 | 0.500000 | NO          | 0.998411  | 
162   | 5        | 67.236810  | 66.960533 | 63.000000 | 74.000 | 0.0055 | 0.500000 | NO          | 0.998556  | 
163   | 6        | 67.236810  | 67.041896 | 79.000000 | 74.000 | 0.0063 | 0.500000 | NO          | 0.998705  | 
164   | 7        | 67.236810  | 67.053254 | 67.000000 | 74.000 | 0.0058 | 0.500000 | NO          | 0.998852  | 
165   | 8        | 67.236810  | 66.998451 | 67.000000 | 74.000 | 0.0066 | 0.500000 | NO          | 0.998997  | 
166   | 9        | 67.236810  | 67.167993 | 67.000000 | 74.000 | 0.0065 | 0.500000 | NO          | 0.999141  | 
167   | 10       | 67.236810  | 67.160751 | 63.000000 | 74.000 | 0.0065 | 0.500000 | NO          | 0.999285  | 
168   | 11       | 67.236810  | 67.088658 | 67.000000 | 74.000 | 0.0062 | 0.500000 | NO          | 0.999429  | 
169   | 0        | 67.286121  | 67.286121 | 73.000000 | 74.000 | 0.0066 | 0.500000 | NO          | 0.999574  | 
170   | 1        | 67.286121  | 67.041172 | 73.000000 | 74.000 | 0.0063 | 0.500000 | NO          | 0.999722  | 
171   | 2        | 67.286121  | 67.017964 | 57.000000 | 74.000 | 0.0056 | 0.500000 | NO          | 0.999880  | 
172   | 3        | 67.286121  | 67.133777 | 67.000000 | 74.000 | 0.0062 | 0.500000 | NO          | 1.000024  | 
173   | 4        | 67.286121  | 67.096330 | 69.000000 | 74.000 | 0.0066 | 0.500000 | NO          | 1.000168  | 
174   | 5        | 67.286121  | 67.081776 | 71.000000 | 74.000 | 0.0052 | 0.500000 | NO          | 1.000311  | 
175   | 6        | 67.286121  | 67.133982 | 58.000000 | 74.000 | 0.0066 | 0.500000 | NO          | 1.000457  | 
176   | 7        | 67.286121  | 67.009606 | 67.000000 | 74.000 | 0.0059 | 0.500000 | NO          | 1.000613  | 
177   | 8        | 67.286121  | 67.196267 | 79.000000 | 74.000 | 0.0067 | 0.500000 | NO          | 1.000758  | 
178   | 9        | 67.286121  | 67.062101 | 57.000000 | 74.000 | 0.0059 | 0.500000 | NO          | 1.000901  | 
179   | 10       | 67.286121  | 67.090873 | 73.000000 | 74.000 | 0.0061 | 0.500000 | NO          | 1.001044  | 
180   | 11       | 67.286121  | 67.138867 | 67.000000 | 74.000 | 0.0061 | 0.500000 | NO          | 1.024344  | 
181   | 12       | 67.286121  | 67.127220 | 63.000000 | 74.000 | 0.0060 | 0.500000 | NO          | 1.024578  | 
182   | 13       | 67.286121  | 67.002891 | 57.000000 | 74.000 | 0.0060 | 0.500000 | NO          | 1.024751  | 
183   | 14       | 67.286121  | 67.058074 | 79.000000 | 74.000 | 0.0061 | 0.500000 | NO          | 1.024927  | 
184   | 15       | 67.286121  | 66.974154 | 66.000000 | 74.000 | 0.0047 | 0.500000 | NO          | 1.025074  | 
185   | 16       | 67.286121  | 67.062840 | 67.000000 | 74.000 | 0.0067 | 0.500000 | NO          | 1.025221  | 
186   | 17       | 67.286121  | 67.037335 | 71.000000 | 74.000 | 0.0062 | 0.500000 | NO          | 1.025366  | 
187   | 18       | 67.286121  | 67.256606 | 66.000000 | 74.000 | 0.0067 | 0.500000 | NO          | 1.025514  | 
188   | 19       | 67.286121  | 67.009994 | 73.000000 | 74.000 | 0.0059 | 0.500000 | NO          | 1.025698  | 
189   | 20       | 67.286121  | 67.084895 | 57.000000 | 74.000 | 0.0065 | 0.500000 | NO          | 1.025844  | 
190   | 21       | 67.286121  | 67.183958 | 67.000000 | 74.000 | 0.0062 | 0.500000 | NO          | 1.025988  | 
191   | 22       | 67.286121  | 67.139013 | 76.000000 | 74.000 | 0.0065 | 0.500000 | NO          | 1.026134  | 
192   | 23       | 67.286121  | 67.110683 | 67.000000 | 74.000 | 0.0060 | 0.500000 | NO          | 1.026277  | 
193   | 24       | 67.286121  | 67.039165 | 67.000000 | 74.000 | 0.0060 | 0.500000 | NO          | 1.026421  | 
194   | 25       | 67.286121  | 67.179777 | 77.000000 | 74.000 | 0.0067 | 0.500000 | NO          | 1.026564  | 
195   | 26       | 67.286121  | 67.151584 | 63.000000 | 74.000 | 0.0061 | 0.500000 | NO          | 1.026710  | 
196   | 27       | 67.286121  | 67.176360 | 61.000000 | 74.000 | 0.0065 | 0.500000 | NO          | 1.026856  | 
197   | 28       | 67.286121  | 67.008343 | 69.000000 | 74.000 | 0.0052 | 0.500000 | NO          | 1.027000  | 
198   | 29       | 67.286121  | 67.084609 | 73.000000 | 74.000 | 0.0063 | 0.500000 | NO          | 1.027143  | 
199   | 30       | 67.286121  | 67.238281 | 57.000000 | 74.000 | 0.0065 | 0.500000 | NO          | 1.027286  | 
200   | 0        | 67.318494  | 67.318494 | 74.000000 | 74.000 | 0.0031 | 0.250000 | NO          | 1.027429  | 
201   | 1        | 67.318494  | 67.289742 | 70.000000 | 74.000 | 0.0032 | 0.250000 | NO          | 1.027574  | 
202   | 0        | 67.320860  | 67.320860 | 62.000000 | 74.000 | 0.0032 | 0.250000 | NO          | 1.027722  | 
203   | 1        | 67.320860  | 67.217803 | 67.000000 | 74.000 | 0.0029 | 0.250000 | NO          | 1.027867  | 
204   | 0        | 67.365297  | 67.365297 | 63.000000 | 74.000 | 0.0032 | 0.250000 | NO          | 1.028010  | 
205   | 1        | 67.365297  | 67.330553 | 66.000000 | 74.000 | 0.0031 | 0.250000 | NO          | 1.028154  | 
206   | 2        | 67.365297  | 67.303095 | 67.000000 | 74.000 | 0.0028 | 0.250000 | NO          | 1.028299  | 
207   | 3        | 67.365297  | 67.269252 | 57.000000 | 74.000 | 0.0032 | 0.250000 | NO          | 1.028442  | 
208   | 4        | 67.365297  | 67.269942 | 69.000000 | 74.000 | 0.0026 | 0.250000 | NO          | 1.028589  | 
209   | 5        | 67.365297  | 67.280295 | 77.000000 | 74.000 | 0.0030 | 0.250000 | NO          | 1.028733  | 
210   | 6        | 67.365297  | 67.328337 | 63.000000 | 74.000 | 0.0029 | 0.250000 | NO          | 1.051473  | 
211   | 7        | 67.365297  | 67.320589 | 71.000000 | 74.000 | 0.0031 | 0.250000 | NO          | 1.051741  | 
212   | 8        | 67.365297  | 67.355546 | 60.000000 | 74.000 | 0.0031 | 0.250000 | NO          | 1.051925  | 
213   | 9        | 67.365297  | 67.329479 | 83.000000 | 74.000 | 0.0032 | 0.250000 | NO          | 1.052074  | 
214   | 10       | 67.365297  | 67.362643 | 63.000000 | 74.000 | 0.0028 | 0.250000 | NO          | 1.052223  | 
215   | 11       | 67.365297  | 67.251673 | 61.000000 | 74.000 | 0.0029 | 0.250000 | NO          | 1.052370  | 
216   | 12       | 67.365297  | 67.295495 | 73.000000 | 74.000 | 0.0026 | 0.250000 | NO          | 1.052515  | 
217   | 13       | 67.365297  | 67.337038 | 59.000000 | 74.000 | 0.0031 | 0.250000 | NO          | 1.052677  | 
218   | 14       | 67.365297  | 67.324644 | 71.000000 | 74.000 | 0.0030 | 0.250000 | NO          | 1.052824  | 
219   | 15       | 67.365297  | 67.292336 | 73.000000 | 74.000 | 0.0032 | 0.250000 | NO          | 1.052969  | 
220   | 16       | 67.365297  | 67.297593 | 67.000000 | 74.000 | 0.0026 | 0.250000 | NO          | 1.053123  | 
221   | 17       | 67.365297  | 67.290871 | 73.000000 | 74.000 | 0.0030 | 0.250000 | NO          | 1.053271  | 
222   | 18       | 67.365297  | 67.326490 | 57.000000 | 74.000 | 0.0029 | 0.250000 | NO          | 1.053423  | 
223   | 19       | 67.365297  | 67.221069 | 67.000000 | 74.000 | 0.0025 | 0.250000 | NO          | 1.053571  | 
224   | 20       | 67.365297  | 67.323012 | 66.000000 | 74.000 | 0.0033 | 0.250000 | NO          | 1.053723  | 
225   | 21       | 67.365297  | 67.335216 | 73.000000 | 74.000 | 0.0032 | 0.250000 | NO          | 1.053870  | 
226   | 22       | 67.365297  | 67.300122 | 71.000000 | 74.000 | 0.0025 | 0.250000 | NO          | 1.054016  | 
227   | 23       | 67.365297  | 67.265855 | 57.000000 | 74.000 | 0.0032 | 0.250000 | NO          | 1.054159  | 
228   | 24       | 67.365297  | 67.343752 | 83.000000 | 74.000 | 0.0032 | 0.250000 | NO          | 1.054305  | 
229   | 25       | 67.365297  | 67.316170 | 67.000000 | 74.000 | 0.0029 | 0.250000 | NO          | 1.054449  | 
230   | 26       | 67.365297  | 67.319142 | 63.000000 | 74.000 | 0.0032 | 0.250000 | NO          | 1.054599  | 
231   | 27       | 67.365297  | 67.320943 | 73.000000 | 74.000 | 0.0030 | 0.250000 | NO          | 1.054746  | 
232   | 28       | 67.365297  | 67.320703 | 57.000000 | 74.000 | 0.0031 | 0.250000 | NO          | 1.054891  | 
233   | 29       | 67.365297  | 67.326567 | 67.000000 | 74.000 | 0.0029 | 0.250000 | NO          | 1.055033  | 
234   | 30       | 67.365297  | 67.327197 | 77.000000 | 74.000 | 0.0032 | 0.250000 | NO          | 1.055177  | 
235   | 0        | 67.411471  | 67.411471 | 70.000000 | 74.000 | 0.0015 | 0.125000 | NO          | 1.055322  | 
236   | 0        | 67.420114  | 67.420114 | 67.000000 | 74.000 | 0.0015 | 0.125000 | NO          | 1.055466  | 
237   | 1        | 67.420114  | 67.400806 | 63.000000 | 74.000 | 0.0014 | 0.125000 | NO          | 1.055615  | 
238   | 2        | 67.420114  | 67.393656 | 67.000000 | 74.000 | 0.0014 | 0.125000 | NO          | 1.055761  | 
239   | 0        | 67.422067  | 67.422067 | 73.000000 | 74.000 | 0.0015 | 0.125000 | NO          | 1.055905  | 
240   | 1        | 67.422067  | 67.419814 | 77.000000 | 72.000 | 0.0014 | 0.125000 | NO          | 1.077103  | 
241   | 0        | 67.430130  | 67.430130 | 59.000000 | 72.000 | 0.0010 | 0.125000 | NO          | 1.077342  | 
242   | 1        | 67.430130  | 67.414512 | 61.000000 | 72.000 | 0.0009 | 0.125000 | NO          | 1.077538  | 
243   | 2        | 67.430130  | 67.428416 | 69.000000 | 72.000 | 0.0010 | 0.125000 | NO          | 1.077694  | 
244   | 0        | 67.431647  | 67.431647 | 77.000000 | 72.000 | 0.0009 | 0.125000 | NO          | 1.077845  | 
245   | 1        | 67.431647  | 67.422473 | 63.000000 | 72.000 | 0.0010 | 0.125000 | NO          | 1.077991  | 
246   | 0        | 67.440425  | 67.440425 | 70.000000 | 72.000 | 0.0010 | 0.125000 | NO          | 1.078139  | 
247   | 0        | 67.442186  | 67.442186 | 57.000000 | 72.000 | 0.0011 | 0.125000 | NO          | 1.078288  | 
248   | 0        | 67.448028  | 67.448028 | 77.000000 | 72.000 | 0.0010 | 0.125000 | NO          | 1.078432  | 
249   | 1        | 67.448028  | 67.432208 | 69.000000 | 72.000 | 0.0010 | 0.125000 | NO          | 1.078620  | 
250   | 2        | 67.448028  | 67.416611 | 63.000000 | 72.000 | 0.0009 | 0.125000 | NO          | 1.078772  | 
251   | 3        | 67.448028  | 67.437211 | 61.000000 | 72.000 | 0.0010 | 0.125000 | NO          | 1.078921  | 
252   | 4        | 67.448028  | 67.444916 | 77.000000 | 72.000 | 0.0010 | 0.125000 | NO          | 1.079081  | 
253   | 5        | 67.448028  | 67.446175 | 65.000000 | 72.000 | 0.0010 | 0.125000 | NO          | 1.079245  | 
254   | 6        | 67.448028  | 67.426354 | 61.000000 | 72.000 | 0.0009 | 0.125000 | NO          | 1.079390  | 
255   | 7        | 67.448028  | 67.425590 | 79.000000 | 72.000 | 0.0010 | 0.125000 | NO          | 1.079537  | 
256   | 8        | 67.448028  | 67.432561 | 71.000000 | 72.000 | 0.0008 | 0.125000 | NO          | 1.079689  | 
257   | 9        | 67.448028  | 67.434284 | 57.000000 | 72.000 | 0.0011 | 0.125000 | NO          | 1.079842  | 
258   | 10       | 67.448028  | 67.432685 | 73.000000 | 72.000 | 0.0010 | 0.125000 | NO          | 1.079993  | 
259   | 11       | 67.448028  | 67.439410 | 63.000000 | 72.000 | 0.0010 | 0.125000 | NO          | 1.080140  | 
260   | 12       | 67.448028  | 67.437228 | 63.000000 | 72.000 | 0.0010 | 0.125000 | NO          | 1.080287  | 
261   | 0        | 67.454357  | 67.454357 | 63.000000 | 72.000 | 0.0010 | 0.125000 | NO          | 1.080432  | 
262   | 1        | 67.454357  | 67.421775 | 77.000000 | 72.000 | 0.0010 | 0.125000 | NO          | 1.080578  | 
263   | 2        | 67.454357  | 67.449327 | 58.000000 | 72.000 | 0.0010 | 0.125000 | NO          | 1.080772  | 
264   | 3        | 67.454357  | 67.423775 | 73.000000 | 72.000 | 0.0010 | 0.125000 | NO          | 1.080918  | 
265   | 4        | 67.454357  | 67.446043 | 57.000000 | 72.000 | 0.0010 | 0.125000 | NO          | 1.081063  | 
266   | 5        | 67.454357  | 67.453006 | 79.000000 | 72.000 | 0.0010 | 0.125000 | NO          | 1.081209  | 
267   | 6        | 67.454357  | 67.445117 | 53.000000 | 72.000 | 0.0009 | 0.125000 | NO          | 1.081359  | 
268   | 7        | 67.454357  | 67.405271 | 71.000000 | 72.000 | 0.0008 | 0.125000 | NO          | 1.081521  | 
269   | 8        | 67.454357  | 67.421081 | 73.000000 | 72.000 | 0.0011 | 0.125000 | NO          | 1.081676  | 
270   | 9        | 67.454357  | 67.434241 | 63.000000 | 72.000 | 0.0009 | 0.125000 | NO          | 1.104858  | 
271   | 10       | 67.454357  | 67.422427 | 67.000000 | 72.000 | 0.0011 | 0.125000 | NO          | 1.105091  | 
272   | 11       | 67.454357  | 67.424197 | 67.000000 | 72.000 | 0.0010 | 0.125000 | NO          | 1.105258  | 
273   | 12       | 67.454357  | 67.446975 | 63.000000 | 72.000 | 0.0010 | 0.125000 | NO          | 1.105411  | 
274   | 13       | 67.454357  | 67.432395 | 67.000000 | 72.000 | 0.0009 | 0.125000 | NO          | 1.105587  | 
275   | 14       | 67.454357  | 67.430035 | 79.000000 | 72.000 | 0.0011 | 0.125000 | NO          | 1.105792  | 
276   | 15       | 67.454357  | 67.428052 | 61.000000 | 72.000 | 0.0008 | 0.125000 | NO          | 1.106011  | 
277   | 16       | 67.454357  | 67.389391 | 67.000000 | 72.000 | 0.0009 | 0.125000 | NO          | 1.106183  | 
278   | 17       | 67.454357  | 67.442663 | 67.000000 | 72.000 | 0.0011 | 0.125000 | NO          | 1.106357  | 
279   | 18       | 67.454357  | 67.448796 | 73.000000 | 72.000 | 0.0010 | 0.125000 | NO          | 1.106530  | 
280   | 19       | 67.454357  | 67.440585 | 73.000000 | 72.000 | 0.0010 | 0.125000 | NO          | 1.106713  | 
281   | 20       | 67.454357  | 67.427690 | 62.000000 | 72.000 | 0.0009 | 0.125000 | NO          | 1.106932  | 
282   | 21       | 67.454357  | 67.438022 | 79.000000 | 72.000 | 0.0011 | 0.125000 | NO          | 1.107117  | 
283   | 22       | 67.454357  | 67.427871 | 61.000000 | 72.000 | 0.0008 | 0.125000 | NO          | 1.107269  | 
284   | 23       | 67.454357  | 67.421309 | 77.000000 | 72.000 | 0.0010 | 0.125000 | NO          | 1.107418  | 
285   | 24       | 67.454357  | 67.437563 | 63.000000 | 72.000 | 0.0010 | 0.125000 | NO          | 1.107619  | 
286   | 25       | 67.454357  | 67.437701 | 73.000000 | 72.000 | 0.0010 | 0.125000 | NO          | 1.107841  | 
287   | 26       | 67.454357  | 67.437849 | 61.000000 | 72.000 | 0.0010 | 0.125000 | NO          | 1.108049  | 
288   | 27       | 67.454357  | 67.431534 | 69.000000 | 72.000 | 0.0010 | 0.125000 | NO          | 1.108266  | 
289   | 28       | 67.454357  | 67.430392 | 72.000000 | 72.000 | 0.0009 | 0.125000 | NO          | 1.108462  | 
290   | 29       | 67.454357  | 67.453420 | 67.000000 | 72.000 | 0.0010 | 0.125000 | NO          | 1.108639  | 
291   | 30       | 67.454357  | 67.453297 | 67.000000 | 72.000 | 0.0011 | 0.125000 | NO          | 1.108810  | 
292   | 0        | 67.463695  | 67.463695 | 62.000000 | 72.000 | 0.0005 | 0.062500 | NO          | 1.108969  | 
293   | 0        | 67.466447  | 67.466447 | 69.000000 | 72.000 | 0.0005 | 0.062500 | NO          | 1.109156  | 
294   | 1        | 67.466447  | 67.459478 | 70.000000 | 72.000 | 0.0004 | 0.062500 | NO          | 1.109311  | 
295   | 0        | 67.474093  | 67.474093 | 61.000000 | 72.000 | 0.0005 | 0.062500 | NO          | 1.109469  | 
296   | 1        | 67.474093  | 67.462453 | 69.000000 | 72.000 | 0.0004 | 0.062500 | NO          | 1.109628  | 
297   | 2        | 67.474093  | 67.472997 | 73.000000 | 72.000 | 0.0005 | 0.062500 | NO          | 1.109779  | 
298   | 3        | 67.474093  | 67.459489 | 57.000000 | 72.000 | 0.0004 | 0.062500 | NO          | 1.109928  | 
299   | 4        | 67.474093  | 67.460232 | 70.000000 | 72.000 | 0.0004 | 0.062500 | NO          | 1.110099  | 
300   | 5        | 67.474093  | 67.470773 | 69.000000 | 72.000 | 0.0005 | 0.062500 | NO          | 1.131336  | 
301   | 6        | 67.474093  | 67.466159 | 67.000000 | 72.000 | 0.0004 | 0.062500 | NO          | 1.131529  | 
302   | 7        | 67.474093  | 67.467296 | 57.000000 | 72.000 | 0.0005 | 0.062500 | NO          | 1.131685  | 
303   | 8        | 67.474093  | 67.454022 | 73.000000 | 72.000 | 0.0004 | 0.062500 | NO          | 1.131834  | 
304   | 9        | 67.474093  | 67.461118 | 70.000000 | 72.000 | 0.0004 | 0.062500 | NO          | 1.131979  | 
305   | 10       | 67.474093  | 67.468381 | 60.000000 | 72.000 | 0.0005 | 0.062500 | NO          | 1.132125  | 
306   | 11       | 67.474093  | 67.460706 | 67.000000 | 72.000 | 0.0005 | 0.062500 | NO          | 1.132270  | 
307   | 0        | 67.477872  | 67.477872 | 73.000000 | 72.000 | 0.0005 | 0.062500 | NO          | 1.132415  | 
308   | 1        | 67.477872  | 67.470553 | 73.000000 | 72.000 | 0.0004 | 0.062500 | NO          | 1.132560  | 
309   | 2        | 67.477872  | 67.453724 | 61.000000 | 72.000 | 0.0005 | 0.062500 | NO          | 1.132711  | 
310   | 3        | 67.477872  | 67.464011 | 67.000000 | 72.000 | 0.0004 | 0.062500 | NO          | 1.132855  | 
311   | 4        | 67.477872  | 67.473762 | 69.000000 | 72.000 | 0.0005 | 0.062500 | NO          | 1.133001  | 
312   | 5        | 67.477872  | 67.457076 | 63.000000 | 72.000 | 0.0004 | 0.062500 | NO          | 1.133152  | 
313   | 6        | 67.477872  | 67.461643 | 67.000000 | 72.000 | 0.0005 | 0.062500 | NO          | 1.133294  | 
314   | 7        | 67.477872  | 67.469122 | 63.000000 | 72.000 | 0.0004 | 0.062500 | NO          | 1.133437  | 
315   | 8        | 67.477872  | 67.476534 | 73.000000 | 72.000 | 0.0005 | 0.062500 | NO          | 1.133585  | 
316   | 9        | 67.477872  | 67.472659 | 63.000000 | 72.000 | 0.0005 | 0.062500 | NO          | 1.133734  | 
317   | 10       | 67.477872  | 67.468142 | 67.000000 | 72.000 | 0.0005 | 0.062500 | NO          | 1.133877  | 
318   | 11       | 67.477872  | 67.471266 | 63.000000 | 72.000 | 0.0004 | 0.062500 | NO          | 1.134023  | 
319   | 12       | 67.477872  | 67.471238 | 77.000000 | 72.000 | 0.0005 | 0.062500 | NO          | 1.134166  | 
320   | 13       | 67.477872  | 67.470354 | 63.000000 | 72.000 | 0.0005 | 0.062500 | NO          | 1.134312  | 
321   | 14       | 67.477872  | 67.463341 | 57.000000 | 72.000 | 0.0005 | 0.062500 | NO          | 1.134467  | 
322   | 15       | 67.477872  | 67.468173 | 71.000000 | 72.000 | 0.0004 | 0.062500 | NO          | 1.134616  | 
323   | 16       | 67.477872  | 67.464788 | 79.000000 | 72.000 | 0.0005 | 0.062500 | NO          | 1.134769  | 
324   | 17       | 67.477872  | 67.474123 | 53.000000 | 72.000 | 0.0005 | 0.062500 | NO          | 1.134912  | 
325   | 18       | 67.477872  | 67.465220 | 83.000000 | 72.000 | 0.0005 | 0.062500 | NO          | 1.135056  | 
326   | 19       | 67.477872  | 67.471107 | 63.000000 | 72.000 | 0.0004 | 0.062500 | NO          | 1.135201  | 
327   | 20       | 67.477872  | 67.462993 | 71.000000 | 72.000 | 0.0004 | 0.062500 | NO          | 1.135345  | 
328   | 0        | 67.483342  | 67.483342 | 67.000000 | 72.000 | 0.0005 | 0.062500 | NO          | 1.135488  | 
329   | 1        | 67.483342  | 67.475846 | 71.000000 | 72.000 | 0.0005 | 0.062500 | NO          | 1.135640  | 
330   | 2        | 67.483342  | 67.476969 | 63.000000 | 72.000 | 0.0005 | 0.062500 | NO          | 1.156902  | 
331   | 3        | 67.483342  | 67.465014 | 83.000000 | 72.000 | 0.0005 | 0.062500 | NO          | 1.157107  | 
332   | 4        | 67.483342  | 67.474153 | 66.000000 | 72.000 | 0.0004 | 0.062500 | NO          | 1.157266  | 
333   | 5        | 67.483342  | 67.465826 | 61.000000 | 72.000 | 0.0005 | 0.062500 | NO          | 1.157412  | 
334   | 6        | 67.483342  | 67.464232 | 63.000000 | 72.000 | 0.0004 | 0.062500 | NO          | 1.157567  | 
335   | 7        | 67.483342  | 67.466895 | 69.000000 | 72.000 | 0.0005 | 0.062500 | NO          | 1.157719  | 
336   | 8        | 67.483342  | 67.472332 | 67.000000 | 72.000 | 0.0005 | 0.062500 | NO          | 1.157866  | 
337   | 9        | 67.483342  | 67.476318 | 67.000000 | 72.000 | 0.0005 | 0.062500 | NO          | 1.158009  | 
338   | 10       | 67.483342  | 67.474640 | 73.000000 | 72.000 | 0.0005 | 0.062500 | NO          | 1.158152  | 
339   | 11       | 67.483342  | 67.473831 | 61.000000 | 72.000 | 0.0005 | 0.062500 | NO          | 1.158296  | 
340   | 12       | 67.483342  | 67.460878 | 67.000000 | 72.000 | 0.0004 | 0.062500 | NO          | 1.158439  | 
341   | 13       | 67.483342  | 67.474679 | 69.000000 | 72.000 | 0.0005 | 0.062500 | NO          | 1.158587  | 
342   | 14       | 67.483342  | 67.474898 | 63.000000 | 72.000 | 0.0005 | 0.062500 | NO          | 1.158733  | 
343   | 15       | 67.483342  | 67.464563 | 64.000000 | 72.000 | 0.0005 | 0.062500 | NO          | 1.158877  | 
344   | 16       | 67.483342  | 67.469353 | 83.000000 | 72.000 | 0.0005 | 0.062500 | NO          | 1.159022  | 
345   | 17       | 67.483342  | 67.477984 | 59.000000 | 72.000 | 0.0005 | 0.062500 | NO          | 1.159176  | 
346   | 18       | 67.483342  | 67.460898 | 67.000000 | 72.000 | 0.0004 | 0.062500 | NO          | 1.159322  | 
347   | 19       | 67.483342  | 67.471791 | 71.000000 | 72.000 | 0.0005 | 0.062500 | NO          | 1.159464  | 
348   | 20       | 67.483342  | 67.465812 | 57.000000 | 72.000 | 0.0005 | 0.062500 | NO          | 1.159625  | 
349   | 21       | 67.483342  | 67.465439 | 73.000000 | 72.000 | 0.0004 | 0.062500 | NO          | 1.159775  | 
350   | 22       | 67.483342  | 67.472412 | 69.000000 | 72.000 | 0.0005 | 0.062500 | NO          | 1.159919  | 
351   | 23       | 67.483342  | 67.466180 | 61.000000 | 72.000 | 0.0005 | 0.062500 | NO          | 1.160063  | 
352   | 24       | 67.483342  | 67.467504 | 77.000000 | 72.000 | 0.0005 | 0.062500 | NO          | 1.160207  | 
353   | 25       | 67.483342  | 67.471928 | 63.000000 | 72.000 | 0.0005 | 0.062500 | NO          | 1.160350  | 
354   | 26       | 67.483342  | 67.467893 | 66.000000 | 72.000 | 0.0005 | 0.062500 | NO          | 1.160497  | 
355   | 27       | 67.483342  | 67.464994 | 67.000000 | 72.000 | 0.0004 | 0.062500 | NO          | 1.160645  | 
356   | 28       | 67.483342  | 67.464667 | 73.000000 | 72.000 | 0.0004 | 0.062500 | NO          | 1.160789  | 
357   | 29       | 67.483342  | 67.466468 | 63.000000 | 72.000 | 0.0005 | 0.062500 | NO          | 1.160933  | 
358   | 30       | 67.483342  | 67.472298 | 57.000000 | 72.000 | 0.0005 | 0.062500 | NO          | 1.161078  | 
359   | 1        | 67.483342  | 67.473051 | 77.000000 | 72.000 | 0.0002 | 0.031250 | NO          | 1.161221  | 
360   | 2        | 67.483342  | 67.479085 | 63.000000 | 72.000 | 0.0002 | 0.031250 | NO          | 1.182631  | 
361   | 3        | 67.483342  | 67.479535 | 71.000000 | 72.000 | 0.0002 | 0.031250 | NO          | 1.182846  | 
362   | 0        | 67.486806  | 67.486806 | 69.000000 | 72.000 | 0.0002 | 0.031250 | NO          | 1.183007  | 
363   | 1        | 67.486806  | 67.477216 | 57.000000 | 72.000 | 0.0002 | 0.031250 | NO          | 1.183172  | 
364   | 2        | 67.486806  | 67.480295 | 63.000000 | 72.000 | 0.0002 | 0.031250 | NO          | 1.183316  | 
365   | 3        | 67.486806  | 67.485334 | 83.000000 | 72.000 | 0.0002 | 0.031250 | NO          | 1.183460  | 
366   | 4        | 67.486806  | 67.484269 | 63.000000 | 72.000 | 0.0002 | 0.031250 | NO          | 1.183624  | 
367   | 5        | 67.486806  | 67.482828 | 71.000000 | 72.000 | 0.0002 | 0.031250 | NO          | 1.183770  | 
368   | 0        | 67.487552  | 67.487552 | 57.000000 | 72.000 | 0.0002 | 0.031250 | NO          | 1.183917  | 
369   | 1        | 67.487552  | 67.486047 | 83.000000 | 72.000 | 0.0002 | 0.031250 | NO          | 1.184061  | 
370   | 2        | 67.487552  | 67.484083 | 53.000000 | 72.000 | 0.0002 | 0.031250 | NO          | 1.184204  | 
371   | 3        | 67.487552  | 67.479699 | 74.000000 | 72.000 | 0.0002 | 0.031250 | NO          | 1.184349  | 
372   | 4        | 67.487552  | 67.486258 | 63.000000 | 72.000 | 0.0002 | 0.031250 | NO          | 1.184491  | 
373   | 5        | 67.487552  | 67.481616 | 63.000000 | 72.000 | 0.0002 | 0.031250 | NO          | 1.184647  | 
374   | 0        | 67.488187  | 67.488187 | 67.000000 | 72.000 | 0.0002 | 0.031250 | NO          | 1.184795  | 
375   | 1        | 67.488187  | 67.485387 | 63.000000 | 72.000 | 0.0002 | 0.031250 | NO          | 1.184940  | 
376   | 2        | 67.488187  | 67.482071 | 79.000000 | 72.000 | 0.0002 | 0.031250 | NO          | 1.185083  | 
377   | 3        | 67.488187  | 67.480475 | 61.000000 | 72.000 | 0.0002 | 0.031250 | NO          | 1.185228  | 
378   | 4        | 67.488187  | 67.481269 | 83.000000 | 72.000 | 0.0002 | 0.031250 | NO          | 1.185370  | 
379   | 5        | 67.488187  | 67.482254 | 57.000000 | 72.000 | 0.0002 | 0.031250 | NO          | 1.185515  | 
380   | 6        | 67.488187  | 67.480598 | 66.000000 | 72.000 | 0.0002 | 0.031250 | NO          | 1.185664  | 
381   | 7        | 67.488187  | 67.480740 | 73.000000 | 72.000 | 0.0002 | 0.031250 | NO          | 1.185809  | 
382   | 8        | 67.488187  | 67.484773 | 61.000000 | 72.000 | 0.0002 | 0.031250 | NO          | 1.185952  | 
383   | 9        | 67.488187  | 67.483387 | 67.000000 | 72.000 | 0.0002 | 0.031250 | NO          | 1.186094  | 
384   | 10       | 67.488187  | 67.487748 | 69.000000 | 72.000 | 0.0002 | 0.031250 | NO          | 1.186238  | 
385   | 11       | 67.488187  | 67.481194 | 63.000000 | 72.000 | 0.0002 | 0.031250 | NO          | 1.186382  | 
386   | 12       | 67.488187  | 67.485131 | 57.000000 | 72.000 | 0.0002 | 0.031250 | NO          | 1.186530  | 
387   | 13       | 67.488187  | 67.476850 | 77.000000 | 72.000 | 0.0002 | 0.031250 | NO          | 1.186678  | 
388   | 14       | 67.488187  | 67.482366 | 73.000000 | 72.000 | 0.0002 | 0.031250 | NO          | 1.186823  | 
389   | 0        | 67.489188  | 67.489188 | 67.000000 | 72.000 | 0.0002 | 0.031250 | NO          | 1.186968  | 
390   | 1        | 67.489188  | 67.484281 | 67.000000 | 72.000 | 0.0002 | 0.031250 | NO          | 1.208322  | 
391   | 2        | 67.489188  | 67.486051 | 77.000000 | 72.000 | 0.0002 | 0.031250 | NO          | 1.208515  | 
392   | 3        | 67.489188  | 67.484922 | 53.000000 | 72.000 | 0.0002 | 0.031250 | NO          | 1.208676  | 
393   | 4        | 67.489188  | 67.488149 | 71.000000 | 72.000 | 0.0002 | 0.031250 | NO          | 1.208826  | 
394   | 5        | 67.489188  | 67.485843 | 69.000000 | 72.000 | 0.0002 | 0.031250 | NO          | 1.208973  | 
395   | 6        | 67.489188  | 67.483219 | 63.000000 | 72.000 | 0.0002 | 0.031250 | NO          | 1.209117  | 
396   | 7        | 67.489188  | 67.484249 | 57.000000 | 72.000 | 0.0002 | 0.031250 | NO          | 1.209261  | 
397   | 8        | 67.489188  | 67.481497 | 73.000000 | 72.000 | 0.0002 | 0.031250 | NO          | 1.209408  | 
398   | 9        | 67.489188  | 67.478174 | 77.000000 | 72.000 | 0.0002 | 0.031250 | NO          | 1.209552  | 
399   | 10       | 67.489188  | 67.477705 | 73.000000 | 72.000 | 0.0002 | 0.031250 | NO          | 1.209702  | 
400   | 11       | 67.489188  | 67.481959 | 57.000000 | 72.000 | 0.0002 | 0.031250 | NO          | 1.209848  | 
401   | 12       | 67.489188  | 67.482312 | 71.000000 | 72.000 | 0.0002 | 0.031250 | NO          | 1.209994  | 
402   | 13       | 67.489188  | 67.487981 | 65.000000 | 72.000 | 0.0002 | 0.031250 | NO          | 1.210138  | 
403   | 14       | 67.489188  | 67.484178 | 67.000000 | 72.000 | 0.0002 | 0.031250 | NO          | 1.210283  | 
404   | 15       | 67.489188  | 67.485883 | 69.000000 | 72.000 | 0.0002 | 0.031250 | NO          | 1.210435  | 
405   | 16       | 67.489188  | 67.482634 | 61.000000 | 72.000 | 0.0002 | 0.031250 | NO          | 1.210585  | 
406   | 17       | 67.489188  | 67.483286 | 70.000000 | 72.000 | 0.0002 | 0.031250 | NO          | 1.210736  | 
407   | 18       | 67.489188  | 67.483340 | 63.000000 | 72.000 | 0.0002 | 0.031250 | NO          | 1.210880  | 
408   | 19       | 67.489188  | 67.484204 | 63.000000 | 72.000 | 0.0002 | 0.031250 | NO          | 1.211025  | 
409   | 20       | 67.489188  | 67.483546 | 67.000000 | 72.000 | 0.0002 | 0.031250 | NO          | 1.211168  | 
410   | 21       | 67.489188  | 67.482926 | 65.000000 | 72.000 | 0.0002 | 0.031250 | NO          | 1.211311  | 
411   | 22       | 67.489188  | 67.483682 | 67.000000 | 72.000 | 0.0002 | 0.031250 | NO          | 1.211455  | 
412   | 23       | 67.489188  | 67.482298 | 73.000000 | 72.000 | 0.0002 | 0.031250 | NO          | 1.211614  | 
413   | 24       | 67.489188  | 67.477275 | 61.000000 | 72.000 | 0.0002 | 0.031250 | NO          | 1.211763  | 
414   | 25       | 67.489188  | 67.484182 | 69.000000 | 72.000 | 0.0002 | 0.031250 | NO          | 1.211906  | 
415   | 26       | 67.489188  | 67.484449 | 73.000000 | 72.000 | 0.0002 | 0.031250 | NO          | 1.212049  | 
416   | 27       | 67.489188  | 67.487250 | 57.000000 | 72.000 | 0.0002 | 0.031250 | NO          | 1.212194  | 
417   | 28       | 67.489188  | 67.480544 | 71.000000 | 72.000 | 0.0002 | 0.031250 | NO          | 1.212336  | 
418   | 29       | 67.489188  | 67.484600 | 83.000000 | 72.000 | 0.0002 | 0.031250 | NO          | 1.212480  | 
419   | 30       | 67.489188  | 67.487742 | 67.000000 | 72.000 | 0.0002 | 0.031250 | NO          | 1.212638  | 
420   | 0        | 67.490202  | 67.490202 | 57.000000 | 72.000 | 0.0001 | 0.015625 | NO          | 1.233783  | 
421   | 1        | 67.490202  | 67.485682 | 63.000000 | 72.000 | 0.0001 | 0.015625 | NO          | 1.233972  | 
422   | 0        | 67.491733  | 67.491733 | 63.000000 | 72.000 | 0.0001 | 0.015625 | NO          | 1.234123  | 
423   | 0        | 67.493980  | 67.493980 | 57.000000 | 72.000 | 0.0001 | 0.015625 | NO          | 1.234270  | 
424   | 1        | 67.493980  | 67.490159 | 63.000000 | 72.000 | 0.0001 | 0.015625 | NO          | 1.234416  | 
425   | 2        | 67.493980  | 67.491659 | 73.000000 | 72.000 | 0.0001 | 0.015625 | NO          | 1.234560  | 
426   | 3        | 67.493980  | 67.490825 | 77.000000 | 72.000 | 0.0001 | 0.015625 | NO          | 1.234725  | 
427   | 4        | 67.493980  | 67.492483 | 67.000000 | 72.000 | 0.0001 | 0.015625 | NO          | 1.234871  | 
428   | 5        | 67.493980  | 67.492406 | 67.000000 | 72.000 | 0.0001 | 0.015625 | NO          | 1.235014  | 
429   | 0        | 67.494427  | 67.494427 | 63.000000 | 72.000 | 0.0001 | 0.015625 | NO          | 1.235155  | 
430   | 1        | 67.494427  | 67.491347 | 67.000000 | 72.000 | 0.0001 | 0.015625 | NO          | 1.235300  | 
431   | 2        | 67.494427  | 67.493834 | 80.000000 | 72.000 | 0.0001 | 0.015625 | NO          | 1.235446  | 
432   | 3        | 67.494427  | 67.492452 | 57.000000 | 72.000 | 0.0001 | 0.015625 | NO          | 1.235599  | 
433   | 4        | 67.494427  | 67.494249 | 73.000000 | 72.000 | 0.0001 | 0.015625 | NO          | 1.235746  | 
Iter  | Wout Imp | LB         | Lagr Cost | Real Cost | UB     | Step   | Lambda   | Feasibility | Time      | 
1     | 0        | 41.000000  | 41.000000 | 41.000000 | 84.000 | 0.0000 | 2.000000 | NO          | 1.259788  | 
2     | 1        | 41.000000  | 35.524804 | 41.000000 | 84.000 | 0.1368 | 2.000000 | NO          | 1.285069  | 
3     | 0        | 46.823001  | 46.823001 | 41.000000 | 84.000 | 0.1282 | 2.000000 | NO          | 1.307718  | 
4     | 0        | 52.715089  | 52.715089 | 59.000000 | 84.000 | 0.1061 | 2.000000 | NO          | 1.328838  | 
5     | 1        | 52.715089  | 49.643475 | 47.000000 | 84.000 | 0.0835 | 2.000000 | NO          | 1.351003  | 
6     | 0        | 54.336156  | 54.336156 | 47.000000 | 84.000 | 0.1236 | 2.000000 | NO          | 1.351225  | 
7     | 1        | 54.336156  | 52.373705 | 56.000000 | 84.000 | 0.0939 | 2.000000 | NO          | 1.351421  | 
8     | 0        | 56.429965  | 56.429965 | 60.000000 | 84.000 | 0.0946 | 2.000000 | NO          | 1.351605  | 
9     | 1        | 56.429965  | 54.633883 | 51.000000 | 84.000 | 0.1010 | 2.000000 | NO          | 1.351781  | 
10    | 2        | 56.429965  | 55.193952 | 57.000000 | 84.000 | 0.1053 | 2.000000 | NO          | 1.351955  | 
11    | 0        | 56.568502  | 56.568502 | 55.000000 | 84.000 | 0.1055 | 2.000000 | NO          | 1.352135  | 
12    | 0        | 57.765054  | 57.765054 | 68.000000 | 84.000 | 0.0973 | 2.000000 | NO          | 1.352334  | 
13    | 0        | 59.057306  | 59.057306 | 54.000000 | 84.000 | 0.0930 | 2.000000 | NO          | 1.352518  | 
14    | 1        | 59.057306  | 58.642066 | 57.000000 | 84.000 | 0.0988 | 2.000000 | NO          | 1.352708  | 
15    | 2        | 59.057306  | 58.208610 | 53.000000 | 84.000 | 0.0651 | 2.000000 | NO          | 1.352882  | 
16    | 0        | 60.313499  | 60.313499 | 67.000000 | 84.000 | 0.0982 | 2.000000 | NO          | 1.353058  | 
17    | 1        | 60.313499  | 59.983335 | 65.000000 | 84.000 | 0.0892 | 2.000000 | NO          | 1.353265  | 
18    | 2        | 60.313499  | 59.025192 | 51.000000 | 84.000 | 0.0878 | 2.000000 | NO          | 1.353447  | 
19    | 3        | 60.313499  | 59.252765 | 54.000000 | 84.000 | 0.0830 | 2.000000 | NO          | 1.353642  | 
20    | 4        | 60.313499  | 59.916688 | 63.000000 | 84.000 | 0.0898 | 2.000000 | NO          | 1.353820  | 
21    | 5        | 60.313499  | 59.527412 | 65.000000 | 84.000 | 0.0776 | 2.000000 | NO          | 1.354024  | 
22    | 6        | 60.313499  | 59.920305 | 53.000000 | 84.000 | 0.0942 | 2.000000 | NO          | 1.354206  | 
23    | 7        | 60.313499  | 58.416130 | 73.000000 | 84.000 | 0.0808 | 2.000000 | NO          | 1.354385  | 
24    | 8        | 60.313499  | 59.196083 | 55.000000 | 84.000 | 0.0755 | 2.000000 | NO          | 1.354589  | 
25    | 9        | 60.313499  | 60.113132 | 65.000000 | 84.000 | 0.0835 | 2.000000 | NO          | 1.354800  | 
26    | 10       | 60.313499  | 59.964645 | 53.000000 | 84.000 | 0.0894 | 2.000000 | NO          | 1.354983  | 
27    | 0        | 61.089765  | 61.089765 | 75.000000 | 84.000 | 0.0839 | 2.000000 | NO          | 1.355171  | 
28    | 1        | 61.089765  | 59.107134 | 57.000000 | 84.000 | 0.0812 | 2.000000 | NO          | 1.355375  | 
29    | 2        | 61.089765  | 58.814367 | 53.000000 | 84.000 | 0.0913 | 2.000000 | NO          | 1.355594  | 
30    | 3        | 61.089765  | 60.963945 | 62.000000 | 84.000 | 0.0772 | 2.000000 | NO          | 1.376727  | 
31    | 4        | 61.089765  | 59.388916 | 68.000000 | 84.000 | 0.0877 | 2.000000 | NO          | 1.376998  | 
32    | 0        | 62.092840  | 62.092840 | 63.000000 | 84.000 | 0.0873 | 2.000000 | NO          | 1.377202  | 
33    | 1        | 62.092840  | 59.075446 | 57.000000 | 84.000 | 0.0708 | 2.000000 | NO          | 1.377392  | 
34    | 2        | 62.092840  | 60.064783 | 61.000000 | 84.000 | 0.0834 | 2.000000 | NO          | 1.377575  | 
35    | 3        | 62.092840  | 61.331653 | 65.000000 | 84.000 | 0.0800 | 2.000000 | NO          | 1.377762  | 
36    | 4        | 62.092840  | 61.668710 | 57.000000 | 84.000 | 0.0869 | 2.000000 | NO          | 1.377953  | 
37    | 5        | 62.092840  | 58.987714 | 62.000000 | 84.000 | 0.0712 | 2.000000 | NO          | 1.378156  | 
38    | 6        | 62.092840  | 60.615748 | 69.000000 | 84.000 | 0.0904 | 2.000000 | NO          | 1.378345  | 
39    | 7        | 62.092840  | 61.138702 | 57.000000 | 84.000 | 0.0792 | 2.000000 | NO          | 1.378521  | 
40    | 8        | 62.092840  | 59.694148 | 61.000000 | 84.000 | 0.0692 | 2.000000 | NO          | 1.378739  | 
41    | 9        | 62.092840  | 60.306607 | 65.000000 | 84.000 | 0.0818 | 2.000000 | NO          | 1.378925  | 
42    | 10       | 62.092840  | 60.235016 | 57.000000 | 84.000 | 0.0815 | 2.000000 | NO          | 1.379147  | 
43    | 11       | 62.092840  | 61.497154 | 62.000000 | 84.000 | 0.0828 | 2.000000 | NO          | 1.379368  | 
44    | 12       | 62.092840  | 60.975533 | 75.000000 | 84.000 | 0.0813 | 2.000000 | NO          | 1.379600  | 
45    | 13       | 62.092840  | 61.009703 | 53.000000 | 84.000 | 0.0860 | 2.000000 | NO          | 1.379836  | 
46    | 14       | 62.092840  | 61.488283 | 63.000000 | 84.000 | 0.0742 | 2.000000 | NO          | 1.380059  | 
47    | 15       | 62.092840  | 61.439376 | 73.000000 | 84.000 | 0.0815 | 2.000000 | NO          | 1.380258  | 
48    | 0        | 62.565835  | 62.565835 | 61.000000 | 84.000 | 0.0740 | 2.000000 | NO          | 1.380484  | 
49    | 1        | 62.565835  | 62.444045 | 73.000000 | 84.000 | 0.0801 | 2.000000 | NO          | 1.380713  | 
50    | 2        | 62.565835  | 60.058727 | 68.000000 | 84.000 | 0.0597 | 2.000000 | NO          | 1.380899  | 
51    | 3        | 62.565835  | 59.118437 | 57.000000 | 84.000 | 0.0871 | 2.000000 | NO          | 1.381078  | 
52    | 4        | 62.565835  | 62.290157 | 74.000000 | 84.000 | 0.0833 | 2.000000 | NO          | 1.381292  | 
53    | 0        | 62.962467  | 62.962467 | 59.000000 | 84.000 | 0.0778 | 2.000000 | NO          | 1.381490  | 
54    | 1        | 62.962467  | 60.032890 | 73.000000 | 84.000 | 0.0705 | 2.000000 | NO          | 1.381690  | 
55    | 2        | 62.962467  | 61.394322 | 63.000000 | 84.000 | 0.0810 | 2.000000 | NO          | 1.381908  | 
56    | 3        | 62.962467  | 62.523796 | 56.000000 | 84.000 | 0.0831 | 2.000000 | NO          | 1.382111  | 
57    | 0        | 63.569014  | 63.569014 | 65.000000 | 84.000 | 0.0821 | 2.000000 | NO          | 1.382303  | 
58    | 1        | 63.569014  | 63.234255 | 74.000000 | 84.000 | 0.0787 | 2.000000 | NO          | 1.382494  | 
59    | 2        | 63.569014  | 63.356671 | 53.000000 | 84.000 | 0.0719 | 2.000000 | NO          | 1.382719  | 
60    | 3        | 63.569014  | 62.879059 | 65.000000 | 84.000 | 0.0717 | 2.000000 | NO          | 1.403978  | 
61    | 4        | 63.569014  | 62.065829 | 66.000000 | 84.000 | 0.0764 | 2.000000 | NO          | 1.404203  | 
62    | 0        | 64.100228  | 64.100228 | 63.000000 | 84.000 | 0.0806 | 2.000000 | NO          | 1.404424  | 
63    | 1        | 64.100228  | 61.893569 | 69.000000 | 84.000 | 0.0672 | 2.000000 | NO          | 1.404626  | 
64    | 2        | 64.100228  | 63.515714 | 69.000000 | 84.000 | 0.0839 | 2.000000 | NO          | 1.404807  | 
65    | 3        | 64.100228  | 63.238885 | 63.000000 | 84.000 | 0.0747 | 2.000000 | NO          | 1.404988  | 
66    | 4        | 64.100228  | 61.760722 | 69.000000 | 84.000 | 0.0694 | 2.000000 | NO          | 1.405176  | 
67    | 5        | 64.100228  | 62.104297 | 59.000000 | 84.000 | 0.0759 | 2.000000 | NO          | 1.405384  | 
68    | 6        | 64.100228  | 62.554445 | 77.000000 | 84.000 | 0.0815 | 2.000000 | NO          | 1.405569  | 
69    | 7        | 64.100228  | 63.988433 | 69.000000 | 84.000 | 0.0806 | 2.000000 | NO          | 1.405758  | 
70    | 8        | 64.100228  | 62.311663 | 53.000000 | 84.000 | 0.0633 | 2.000000 | NO          | 1.405948  | 
71    | 9        | 64.100228  | 62.624252 | 79.000000 | 84.000 | 0.0819 | 2.000000 | NO          | 1.406157  | 
72    | 10       | 64.100228  | 63.980073 | 69.000000 | 84.000 | 0.0817 | 2.000000 | NO          | 1.406350  | 
73    | 11       | 64.100228  | 63.039086 | 57.000000 | 84.000 | 0.0728 | 2.000000 | NO          | 1.406567  | 
74    | 12       | 64.100228  | 62.378185 | 70.000000 | 84.000 | 0.0652 | 2.000000 | NO          | 1.406782  | 
75    | 13       | 64.100228  | 61.959734 | 69.000000 | 84.000 | 0.0829 | 2.000000 | NO          | 1.406973  | 
76    | 14       | 64.100228  | 63.903601 | 57.000000 | 84.000 | 0.0787 | 2.000000 | NO          | 1.407167  | 
77    | 15       | 64.100228  | 63.169373 | 79.000000 | 84.000 | 0.0761 | 2.000000 | NO          | 1.407383  | 
78    | 16       | 64.100228  | 63.281856 | 67.000000 | 84.000 | 0.0664 | 2.000000 | NO          | 1.407609  | 
79    | 17       | 64.100228  | 61.276089 | 63.000000 | 84.000 | 0.0707 | 2.000000 | NO          | 1.407835  | 
80    | 18       | 64.100228  | 62.369621 | 61.000000 | 84.000 | 0.0810 | 2.000000 | NO          | 1.408044  | 
81    | 19       | 64.100228  | 61.260454 | 73.000000 | 84.000 | 0.0686 | 2.000000 | NO          | 1.408237  | 
82    | 20       | 64.100228  | 61.732560 | 71.000000 | 84.000 | 0.0860 | 2.000000 | NO          | 1.408461  | 
83    | 21       | 64.100228  | 63.573604 | 69.000000 | 84.000 | 0.0834 | 2.000000 | NO          | 1.408678  | 
84    | 22       | 64.100228  | 63.673744 | 57.000000 | 84.000 | 0.0788 | 2.000000 | NO          | 1.408904  | 
85    | 23       | 64.100228  | 61.959041 | 73.000000 | 84.000 | 0.0673 | 2.000000 | NO          | 1.409097  | 
86    | 24       | 64.100228  | 60.859055 | 69.000000 | 84.000 | 0.0706 | 2.000000 | NO          | 1.409305  | 
87    | 25       | 64.100228  | 62.227477 | 73.000000 | 84.000 | 0.0789 | 2.000000 | NO          | 1.409520  | 
88    | 26       | 64.100228  | 61.033090 | 68.000000 | 84.000 | 0.0797 | 2.000000 | NO          | 1.409719  | 
89    | 27       | 64.100228  | 61.934221 | 57.000000 | 84.000 | 0.0782 | 2.000000 | NO          | 1.409927  | 
90    | 28       | 64.100228  | 62.744471 | 77.000000 | 84.000 | 0.0775 | 2.000000 | NO          | 1.431023  | 
91    | 29       | 64.100228  | 63.334593 | 77.000000 | 84.000 | 0.0808 | 2.000000 | NO          | 1.431264  | 
92    | 30       | 64.100228  | 62.861245 | 57.000000 | 84.000 | 0.0779 | 2.000000 | NO          | 1.431482  | 
93    | 1        | 64.100228  | 63.712608 | 63.000000 | 84.000 | 0.0323 | 1.000000 | NO          | 1.431683  | 
94    | 2        | 64.100228  | 64.086350 | 69.000000 | 84.000 | 0.0362 | 1.000000 | NO          | 1.431889  | 
95    | 0        | 64.915257  | 64.915257 | 57.000000 | 84.000 | 0.0320 | 1.000000 | NO          | 1.432075  | 
96    | 0        | 65.369210  | 65.369210 | 76.000000 | 84.000 | 0.0349 | 1.000000 | NO          | 1.432294  | 
97    | 1        | 65.369210  | 65.221515 | 57.000000 | 84.000 | 0.0327 | 1.000000 | NO          | 1.432484  | 
98    | 2        | 65.369210  | 64.575627 | 69.000000 | 84.000 | 0.0337 | 1.000000 | NO          | 1.432690  | 
99    | 0        | 65.689320  | 65.689320 | 63.000000 | 84.000 | 0.0365 | 1.000000 | NO          | 1.432874  | 
100   | 1        | 65.689320  | 65.320651 | 72.000000 | 84.000 | 0.0326 | 1.000000 | NO          | 1.433084  | 
101   | 2        | 65.689320  | 65.485710 | 69.000000 | 84.000 | 0.0343 | 1.000000 | NO          | 1.433296  | 
102   | 3        | 65.689320  | 64.969145 | 63.000000 | 84.000 | 0.0294 | 1.000000 | NO          | 1.433497  | 
103   | 4        | 65.689320  | 64.971140 | 61.000000 | 84.000 | 0.0350 | 1.000000 | NO          | 1.433728  | 
104   | 5        | 65.689320  | 64.468028 | 67.000000 | 84.000 | 0.0308 | 1.000000 | NO          | 1.433941  | 
105   | 0        | 66.233730  | 66.233730 | 69.000000 | 84.000 | 0.0385 | 1.000000 | NO          | 1.434138  | 
106   | 1        | 66.233730  | 65.571462 | 63.000000 | 84.000 | 0.0333 | 1.000000 | NO          | 1.434349  | 
107   | 2        | 66.233730  | 65.659851 | 63.000000 | 84.000 | 0.0329 | 1.000000 | NO          | 1.434570  | 
108   | 3        | 66.233730  | 64.835210 | 77.000000 | 84.000 | 0.0279 | 1.000000 | NO          | 1.434800  | 
109   | 4        | 66.233730  | 65.231574 | 67.000000 | 84.000 | 0.0359 | 1.000000 | NO          | 1.435017  | 
110   | 5        | 66.233730  | 64.765753 | 59.000000 | 84.000 | 0.0320 | 1.000000 | NO          | 1.435243  | 
111   | 0        | 66.238882  | 66.238882 | 71.000000 | 84.000 | 0.0370 | 1.000000 | NO          | 1.435478  | 
112   | 1        | 66.238882  | 65.327381 | 70.000000 | 84.000 | 0.0331 | 1.000000 | NO          | 1.435708  | 
113   | 2        | 66.238882  | 65.827707 | 77.000000 | 84.000 | 0.0364 | 1.000000 | NO          | 1.435932  | 
114   | 3        | 66.238882  | 64.516252 | 57.000000 | 84.000 | 0.0315 | 1.000000 | NO          | 1.436159  | 
115   | 4        | 66.238882  | 64.887479 | 73.000000 | 84.000 | 0.0295 | 1.000000 | NO          | 1.436379  | 
116   | 5        | 66.238882  | 64.985649 | 63.000000 | 84.000 | 0.0360 | 1.000000 | NO          | 1.436607  | 
117   | 6        | 66.238882  | 65.628565 | 58.000000 | 84.000 | 0.0364 | 1.000000 | NO          | 1.436820  | 
118   | 7        | 66.238882  | 65.120498 | 73.000000 | 84.000 | 0.0320 | 1.000000 | NO          | 1.437034  | 
119   | 8        | 66.238882  | 65.298143 | 73.000000 | 84.000 | 0.0302 | 1.000000 | NO          | 1.437257  | 
120   | 9        | 66.238882  | 64.894305 | 63.000000 | 84.000 | 0.0320 | 1.000000 | NO          | 1.458662  | 
121   | 10       | 66.238882  | 65.059459 | 57.000000 | 84.000 | 0.0337 | 1.000000 | NO          | 1.458869  | 
122   | 11       | 66.238882  | 65.820877 | 77.000000 | 84.000 | 0.0350 | 1.000000 | NO          | 1.459059  | 
123   | 12       | 66.238882  | 65.022512 | 63.000000 | 84.000 | 0.0350 | 1.000000 | NO          | 1.459238  | 
124   | 13       | 66.238882  | 65.179665 | 73.000000 | 84.000 | 0.0329 | 1.000000 | NO          | 1.459421  | 
125   | 14       | 66.238882  | 64.921618 | 73.000000 | 84.000 | 0.0306 | 1.000000 | NO          | 1.459613  | 
126   | 15       | 66.238882  | 65.268298 | 61.000000 | 84.000 | 0.0357 | 1.000000 | NO          | 1.459807  | 
127   | 16       | 66.238882  | 64.954312 | 67.000000 | 84.000 | 0.0289 | 1.000000 | NO          | 1.460029  | 
128   | 17       | 66.238882  | 65.321356 | 73.000000 | 84.000 | 0.0367 | 1.000000 | NO          | 1.460237  | 
129   | 18       | 66.238882  | 65.838511 | 71.000000 | 84.000 | 0.0336 | 1.000000 | NO          | 1.460417  | 
130   | 19       | 66.238882  | 65.191534 | 71.000000 | 84.000 | 0.0339 | 1.000000 | NO          | 1.460616  | 
131   | 20       | 66.238882  | 65.941946 | 57.000000 | 84.000 | 0.0362 | 1.000000 | NO          | 1.460802  | 
132   | 21       | 66.238882  | 65.247941 | 79.000000 | 84.000 | 0.0336 | 1.000000 | NO          | 1.461016  | 
133   | 22       | 66.238882  | 65.149148 | 80.000000 | 84.000 | 0.0254 | 1.000000 | NO          | 1.461199  | 
134   | 23       | 66.238882  | 64.741163 | 63.000000 | 84.000 | 0.0340 | 1.000000 | NO          | 1.461380  | 
135   | 24       | 66.238882  | 65.242244 | 61.000000 | 84.000 | 0.0344 | 1.000000 | NO          | 1.461567  | 
136   | 25       | 66.238882  | 65.385844 | 63.000000 | 84.000 | 0.0336 | 1.000000 | NO          | 1.461770  | 
137   | 26       | 66.238882  | 65.494923 | 79.000000 | 84.000 | 0.0344 | 1.000000 | NO          | 1.461980  | 
138   | 27       | 66.238882  | 65.617500 | 57.000000 | 84.000 | 0.0334 | 1.000000 | NO          | 1.462188  | 
139   | 28       | 66.238882  | 65.885823 | 70.000000 | 84.000 | 0.0350 | 1.000000 | NO          | 1.462412  | 
140   | 29       | 66.238882  | 65.551822 | 63.000000 | 84.000 | 0.0330 | 1.000000 | NO          | 1.462660  | 
141   | 30       | 66.238882  | 65.798162 | 67.000000 | 84.000 | 0.0354 | 1.000000 | NO          | 1.462885  | 
142   | 1        | 66.238882  | 65.832685 | 69.000000 | 84.000 | 0.0164 | 0.500000 | NO          | 1.463107  | 
143   | 0        | 66.312051  | 66.312051 | 71.000000 | 84.000 | 0.0170 | 0.500000 | NO          | 1.463331  | 
144   | 1        | 66.312051  | 66.241959 | 57.000000 | 84.000 | 0.0170 | 0.500000 | NO          | 1.463556  | 
145   | 0        | 66.322362  | 66.322362 | 63.000000 | 84.000 | 0.0138 | 0.500000 | NO          | 1.463784  | 
146   | 1        | 66.322362  | 66.270041 | 81.000000 | 84.000 | 0.0161 | 0.500000 | NO          | 1.464014  | 
147   | 2        | 66.322362  | 66.314413 | 53.000000 | 84.000 | 0.0162 | 0.500000 | NO          | 1.464238  | 
148   | 0        | 66.649115  | 66.649115 | 73.000000 | 84.000 | 0.0168 | 0.500000 | NO          | 1.464464  | 
149   | 1        | 66.649115  | 66.541851 | 63.000000 | 84.000 | 0.0142 | 0.500000 | NO          | 1.464691  | 
150   | 2        | 66.649115  | 66.264114 | 67.000000 | 74.000 | 0.0156 | 0.500000 | NO          | 1.485590  | 
151   | 0        | 66.663879  | 66.663879 | 63.000000 | 74.000 | 0.0067 | 0.500000 | NO          | 1.485870  | 
152   | 0        | 66.736095  | 66.736095 | 71.000000 | 74.000 | 0.0071 | 0.500000 | NO          | 1.486083  | 
153   | 0        | 66.874421  | 66.874421 | 63.000000 | 74.000 | 0.0065 | 0.500000 | NO          | 1.486282  | 
154   | 0        | 66.972344  | 66.972344 | 70.000000 | 74.000 | 0.0063 | 0.500000 | NO          | 1.486486  | 
155   | 0        | 67.067228  | 67.067228 | 66.000000 | 74.000 | 0.0061 | 0.500000 | NO          | 1.486721  | 
156   | 1        | 67.067228  | 67.008544 | 66.000000 | 74.000 | 0.0065 | 0.500000 | NO          | 1.486911  | 
157   | 0        | 67.236810  | 67.236810 | 67.000000 | 74.000 | 0.0065 | 0.500000 | NO          | 1.487089  | 
158   | 1        | 67.236810  | 66.991871 | 53.000000 | 74.000 | 0.0065 | 0.500000 | NO          | 1.487278  | 
159   | 2        | 67.236810  | 67.066282 | 63.000000 | 74.000 | 0.0055 | 0.500000 | NO          | 1.487472  | 
160   | 3        | 67.236810  | 67.035351 | 79.000000 | 74.000 | 0.0066 | 0.500000 | NO          | 1.487705  | 
161   | 4        | 67.236810  | 67.019291 | 61.000000 | 74.000 | 0.0055 | 0.500000 | NO          | 1.487902  | 
162   | 5        | 67.236810  | 66.960533 | 63.000000 | 74.000 | 0.0055 | 0.500000 | NO          | 1.488078  | 
163   | 6        | 67.236810  | 67.041896 | 79.000000 | 74.000 | 0.0063 | 0.500000 | NO          | 1.488269  | 
164   | 7        | 67.236810  | 67.053254 | 67.000000 | 74.000 | 0.0058 | 0.500000 | NO          | 1.488453  | 
165   | 8        | 67.236810  | 66.998451 | 67.000000 | 74.000 | 0.0066 | 0.500000 | NO          | 1.488665  | 
166   | 9        | 67.236810  | 67.167993 | 67.000000 | 74.000 | 0.0065 | 0.500000 | NO          | 1.488875  | 
167   | 10       | 67.236810  | 67.160751 | 63.000000 | 74.000 | 0.0065 | 0.500000 | NO          | 1.489065  | 
168   | 11       | 67.236810  | 67.088658 | 67.000000 | 74.000 | 0.0062 | 0.500000 | NO          | 1.489284  | 
169   | 0        | 67.286121  | 67.286121 | 73.000000 | 74.000 | 0.0066 | 0.500000 | NO          | 1.489494  | 
170   | 1        | 67.286121  | 67.041172 | 73.000000 | 74.000 | 0.0063 | 0.500000 | NO          | 1.489732  | 
171   | 2        | 67.286121  | 67.017964 | 57.000000 | 74.000 | 0.0056 | 0.500000 | NO          | 1.489978  | 
172   | 3        | 67.286121  | 67.133777 | 67.000000 | 74.000 | 0.0062 | 0.500000 | NO          | 1.490182  | 
173   | 4        | 67.286121  | 67.096330 | 69.000000 | 74.000 | 0.0066 | 0.500000 | NO          | 1.490435  | 
174   | 5        | 67.286121  | 67.081776 | 71.000000 | 74.000 | 0.0052 | 0.500000 | NO          | 1.490695  | 
175   | 6        | 67.286121  | 67.133982 | 58.000000 | 74.000 | 0.0066 | 0.500000 | NO          | 1.490937  | 
176   | 7        | 67.286121  | 67.009606 | 67.000000 | 74.000 | 0.0059 | 0.500000 | NO          | 1.491176  | 
177   | 8        | 67.286121  | 67.196267 | 79.000000 | 74.000 | 0.0067 | 0.500000 | NO          | 1.491404  | 
178   | 9        | 67.286121  | 67.062101 | 57.000000 | 74.000 | 0.0059 | 0.500000 | NO          | 1.491639  | 
179   | 10       | 67.286121  | 67.090873 | 73.000000 | 74.000 | 0.0061 | 0.500000 | NO          | 1.491889  | 
180   | 11       | 67.286121  | 67.138867 | 67.000000 | 74.000 | 0.0061 | 0.500000 | NO          | 1.515322  | 
181   | 12       | 67.286121  | 67.127220 | 63.000000 | 74.000 | 0.0060 | 0.500000 | NO          | 1.515786  | 
182   | 13       | 67.286121  | 67.002891 | 57.000000 | 74.000 | 0.0060 | 0.500000 | NO          | 1.516176  | 
183   | 14       | 67.286121  | 67.058074 | 79.000000 | 74.000 | 0.0061 | 0.500000 | NO          | 1.516477  | 
184   | 15       | 67.286121  | 66.974154 | 66.000000 | 74.000 | 0.0047 | 0.500000 | NO          | 1.516719  | 
185   | 16       | 67.286121  | 67.062840 | 67.000000 | 74.000 | 0.0067 | 0.500000 | NO          | 1.516923  | 
186   | 17       | 67.286121  | 67.037335 | 71.000000 | 74.000 | 0.0062 | 0.500000 | NO          | 1.517162  | 
187   | 18       | 67.286121  | 67.256606 | 66.000000 | 74.000 | 0.0067 | 0.500000 | NO          | 1.517388  | 
188   | 19       | 67.286121  | 67.009994 | 73.000000 | 74.000 | 0.0059 | 0.500000 | NO          | 1.517647  | 
189   | 20       | 67.286121  | 67.084895 | 57.000000 | 74.000 | 0.0065 | 0.500000 | NO          | 1.517846  | 
190   | 21       | 67.286121  | 67.183958 | 67.000000 | 74.000 | 0.0062 | 0.500000 | NO          | 1.518035  | 
191   | 22       | 67.286121  | 67.139013 | 76.000000 | 74.000 | 0.0065 | 0.500000 | NO          | 1.518208  | 
192   | 23       | 67.286121  | 67.110683 | 67.000000 | 74.000 | 0.0060 | 0.500000 | NO          | 1.518397  | 
193   | 24       | 67.286121  | 67.039165 | 67.000000 | 74.000 | 0.0060 | 0.500000 | NO          | 1.518567  | 
194   | 25       | 67.286121  | 67.179777 | 77.000000 | 74.000 | 0.0067 | 0.500000 | NO          | 1.518810  | 
195   | 26       | 67.286121  | 67.151584 | 63.000000 | 74.000 | 0.0061 | 0.500000 | NO          | 1.519044  | 
196   | 27       | 67.286121  | 67.176360 | 61.000000 | 74.000 | 0.0065 | 0.500000 | NO          | 1.519289  | 
197   | 28       | 67.286121  | 67.008343 | 69.000000 | 74.000 | 0.0052 | 0.500000 | NO          | 1.519509  | 
198   | 29       | 67.286121  | 67.084609 | 73.000000 | 74.000 | 0.0063 | 0.500000 | NO          | 1.519747  | 
199   | 30       | 67.286121  | 67.238281 | 57.000000 | 74.000 | 0.0065 | 0.500000 | NO          | 1.520007  | 
200   | 0        | 67.318494  | 67.318494 | 74.000000 | 74.000 | 0.0031 | 0.250000 | NO          | 1.520239  | 
201   | 1        | 67.318494  | 67.289742 | 70.000000 | 74.000 | 0.0032 | 0.250000 | NO          | 1.520456  | 
202   | 0        | 67.320860  | 67.320860 | 62.000000 | 74.000 | 0.0032 | 0.250000 | NO          | 1.520709  | 
203   | 1        | 67.320860  | 67.217803 | 67.000000 | 74.000 | 0.0029 | 0.250000 | NO          | 1.520963  | 
204   | 0        | 67.365297  | 67.365297 | 63.000000 | 74.000 | 0.0032 | 0.250000 | NO          | 1.521205  | 
205   | 1        | 67.365297  | 67.330553 | 66.000000 | 74.000 | 0.0031 | 0.250000 | NO          | 1.521431  | 
206   | 2        | 67.365297  | 67.303095 | 67.000000 | 74.000 | 0.0028 | 0.250000 | NO          | 1.521675  | 
207   | 3        | 67.365297  | 67.269252 | 57.000000 | 74.000 | 0.0032 | 0.250000 | NO          | 1.521904  | 
208   | 4        | 67.365297  | 67.269942 | 69.000000 | 74.000 | 0.0026 | 0.250000 | NO          | 1.522111  | 
209   | 5        | 67.365297  | 67.280295 | 77.000000 | 74.000 | 0.0030 | 0.250000 | NO          | 1.522349  | 
210   | 6        | 67.365297  | 67.328337 | 63.000000 | 74.000 | 0.0029 | 0.250000 | NO          | 1.543941  | 
211   | 7        | 67.365297  | 67.320589 | 71.000000 | 74.000 | 0.0031 | 0.250000 | NO          | 1.544202  | 
212   | 8        | 67.365297  | 67.355546 | 60.000000 | 74.000 | 0.0031 | 0.250000 | NO          | 1.544402  | 
213   | 9        | 67.365297  | 67.329479 | 83.000000 | 74.000 | 0.0032 | 0.250000 | NO          | 1.544596  | 
214   | 10       | 67.365297  | 67.362643 | 63.000000 | 74.000 | 0.0028 | 0.250000 | NO          | 1.544782  | 
215   | 11       | 67.365297  | 67.251673 | 61.000000 | 74.000 | 0.0029 | 0.250000 | NO          | 1.544966  | 
216   | 12       | 67.365297  | 67.295495 | 73.000000 | 74.000 | 0.0026 | 0.250000 | NO          | 1.545178  | 
217   | 13       | 67.365297  | 67.337038 | 59.000000 | 74.000 | 0.0031 | 0.250000 | NO          | 1.545372  | 
218   | 14       | 67.365297  | 67.324644 | 71.000000 | 74.000 | 0.0030 | 0.250000 | NO          | 1.545568  | 
219   | 15       | 67.365297  | 67.292336 | 73.000000 | 74.000 | 0.0032 | 0.250000 | NO          | 1.545804  | 
220   | 16       | 67.365297  | 67.297593 | 67.000000 | 74.000 | 0.0026 | 0.250000 | NO          | 1.545994  | 
221   | 17       | 67.365297  | 67.290871 | 73.000000 | 74.000 | 0.0030 | 0.250000 | NO          | 1.546193  | 
222   | 18       | 67.365297  | 67.326490 | 57.000000 | 74.000 | 0.0029 | 0.250000 | NO          | 1.546417  | 
223   | 19       | 67.365297  | 67.221069 | 67.000000 | 74.000 | 0.0025 | 0.250000 | NO          | 1.546620  | 
224   | 20       | 67.365297  | 67.323012 | 66.000000 | 74.000 | 0.0033 | 0.250000 | NO          | 1.546826  | 
225   | 21       | 67.365297  | 67.335216 | 73.000000 | 74.000 | 0.0032 | 0.250000 | NO          | 1.547053  | 
226   | 22       | 67.365297  | 67.300122 | 71.000000 | 74.000 | 0.0025 | 0.250000 | NO          | 1.547291  | 
227   | 23       | 67.365297  | 67.265855 | 57.000000 | 74.000 | 0.0032 | 0.250000 | NO          | 1.547511  | 
228   | 24       | 67.365297  | 67.343752 | 83.000000 | 74.000 | 0.0032 | 0.250000 | NO          | 1.547743  | 
229   | 25       | 67.365297  | 67.316170 | 67.000000 | 74.000 | 0.0029 | 0.250000 | NO          | 1.547970  | 
230   | 26       | 67.365297  | 67.319142 | 63.000000 | 74.000 | 0.0032 | 0.250000 | NO          | 1.548194  | 
231   | 27       | 67.365297  | 67.320943 | 73.000000 | 74.000 | 0.0030 | 0.250000 | NO          | 1.548418  | 
232   | 28       | 67.365297  | 67.320703 | 57.000000 | 74.000 | 0.0031 | 0.250000 | NO          | 1.548648  | 
233   | 29       | 67.365297  | 67.326567 | 67.000000 | 74.000 | 0.0029 | 0.250000 | NO          | 1.548870  | 
234   | 30       | 67.365297  | 67.327197 | 77.000000 | 74.000 | 0.0032 | 0.250000 | NO          | 1.549095  | 
235   | 0        | 67.411471  | 67.411471 | 70.000000 | 74.000 | 0.0015 | 0.125000 | NO          | 1.549317  | 
236   | 0        | 67.420114  | 67.420114 | 67.000000 | 74.000 | 0.0015 | 0.125000 | NO          | 1.549545  | 
237   | 1        | 67.420114  | 67.400806 | 63.000000 | 74.000 | 0.0014 | 0.125000 | NO          | 1.549775  | 
238   | 2        | 67.420114  | 67.393656 | 67.000000 | 74.000 | 0.0014 | 0.125000 | NO          | 1.550002  | 
239   | 0        | 67.422067  | 67.422067 | 73.000000 | 74.000 | 0.0015 | 0.125000 | NO          | 1.550226  | 
240   | 1        | 67.422067  | 67.419814 | 77.000000 | 72.000 | 0.0014 | 0.125000 | NO          | 1.571758  | 
241   | 0        | 67.430130  | 67.430130 | 59.000000 | 72.000 | 0.0010 | 0.125000 | NO          | 1.571988  | 
242   | 1        | 67.430130  | 67.414512 | 61.000000 | 72.000 | 0.0009 | 0.125000 | NO          | 1.572184  | 
243   | 2        | 67.430130  | 67.428416 | 69.000000 | 72.000 | 0.0010 | 0.125000 | NO          | 1.572374  | 
244   | 0        | 67.431647  | 67.431647 | 77.000000 | 72.000 | 0.0009 | 0.125000 | NO          | 1.572589  | 
245   | 1        | 67.431647  | 67.422473 | 63.000000 | 72.000 | 0.0010 | 0.125000 | NO          | 1.572802  | 
246   | 0        | 67.440425  | 67.440425 | 70.000000 | 72.000 | 0.0010 | 0.125000 | NO          | 1.572999  | 
247   | 0        | 67.442186  | 67.442186 | 57.000000 | 72.000 | 0.0011 | 0.125000 | NO          | 1.573186  | 
248   | 0        | 67.448028  | 67.448028 | 77.000000 | 72.000 | 0.0010 | 0.125000 | NO          | 1.573414  | 
249   | 1        | 67.448028  | 67.432208 | 69.000000 | 72.000 | 0.0010 | 0.125000 | NO          | 1.573625  | 
250   | 2        | 67.448028  | 67.416611 | 63.000000 | 72.000 | 0.0009 | 0.125000 | NO          | 1.573818  | 
251   | 3        | 67.448028  | 67.437211 | 61.000000 | 72.000 | 0.0010 | 0.125000 | NO          | 1.574011  | 
252   | 4        | 67.448028  | 67.444916 | 77.000000 | 72.000 | 0.0010 | 0.125000 | NO          | 1.574222  | 
253   | 5        | 67.448028  | 67.446175 | 65.000000 | 72.000 | 0.0010 | 0.125000 | NO          | 1.574441  | 
254   | 6        | 67.448028  | 67.426354 | 61.000000 | 72.000 | 0.0009 | 0.125000 | NO          | 1.574646  | 
255   | 7        | 67.448028  | 67.425590 | 79.000000 | 72.000 | 0.0010 | 0.125000 | NO          | 1.574843  | 
256   | 8        | 67.448028  | 67.432561 | 71.000000 | 72.000 | 0.0008 | 0.125000 | NO          | 1.575065  | 
257   | 9        | 67.448028  | 67.434284 | 57.000000 | 72.000 | 0.0011 | 0.125000 | NO          | 1.575274  | 
258   | 10       | 67.448028  | 67.432685 | 73.000000 | 72.000 | 0.0010 | 0.125000 | NO          | 1.575490  | 
259   | 11       | 67.448028  | 67.439410 | 63.000000 | 72.000 | 0.0010 | 0.125000 | NO          | 1.575731  | 
260   | 12       | 67.448028  | 67.437228 | 63.000000 | 72.000 | 0.0010 | 0.125000 | NO          | 1.575934  | 
261   | 0        | 67.454357  | 67.454357 | 63.000000 | 72.000 | 0.0010 | 0.125000 | NO          | 1.576137  | 
262   | 1        | 67.454357  | 67.421775 | 77.000000 | 72.000 | 0.0010 | 0.125000 | NO          | 1.576366  | 
263   | 2        | 67.454357  | 67.449327 | 58.000000 | 72.000 | 0.0010 | 0.125000 | NO          | 1.576615  | 
264   | 3        | 67.454357  | 67.423775 | 73.000000 | 72.000 | 0.0010 | 0.125000 | NO          | 1.576842  | 
265   | 4        | 67.454357  | 67.446043 | 57.000000 | 72.000 | 0.0010 | 0.125000 | NO          | 1.577048  | 
266   | 5        | 67.454357  | 67.453006 | 79.000000 | 72.000 | 0.0010 | 0.125000 | NO          | 1.577270  | 
267   | 6        | 67.454357  | 67.445117 | 53.000000 | 72.000 | 0.0009 | 0.125000 | NO          | 1.577491  | 
268   | 7        | 67.454357  | 67.405271 | 71.000000 | 72.000 | 0.0008 | 0.125000 | NO          | 1.577724  | 
269   | 8        | 67.454357  | 67.421081 | 73.000000 | 72.000 | 0.0011 | 0.125000 | NO          | 1.577921  | 
270   | 9        | 67.454357  | 67.434241 | 63.000000 | 72.000 | 0.0009 | 0.125000 | NO          | 1.600226  | 
271   | 10       | 67.454357  | 67.422427 | 67.000000 | 72.000 | 0.0011 | 0.125000 | NO          | 1.600717  | 
272   | 11       | 67.454357  | 67.424197 | 67.000000 | 72.000 | 0.0010 | 0.125000 | NO          | 1.601083  | 
273   | 12       | 67.454357  | 67.446975 | 63.000000 | 72.000 | 0.0010 | 0.125000 | NO          | 1.601338  | 
274   | 13       | 67.454357  | 67.432395 | 67.000000 | 72.000 | 0.0009 | 0.125000 | NO          | 1.601528  | 
275   | 14       | 67.454357  | 67.430035 | 79.000000 | 72.000 | 0.0011 | 0.125000 | NO          | 1.601813  | 
276   | 15       | 67.454357  | 67.428052 | 61.000000 | 72.000 | 0.0008 | 0.125000 | NO          | 1.602048  | 
277   | 16       | 67.454357  | 67.389391 | 67.000000 | 72.000 | 0.0009 | 0.125000 | NO          | 1.602248  | 
278   | 17       | 67.454357  | 67.442663 | 67.000000 | 72.000 | 0.0011 | 0.125000 | NO          | 1.602499  | 
279   | 18       | 67.454357  | 67.448796 | 73.000000 | 72.000 | 0.0010 | 0.125000 | NO          | 1.602738  | 
280   | 19       | 67.454357  | 67.440585 | 73.000000 | 72.000 | 0.0010 | 0.125000 | NO          | 1.602958  | 
281   | 20       | 67.454357  | 67.427690 | 62.000000 | 72.000 | 0.0009 | 0.125000 | NO          | 1.603167  | 
282   | 21       | 67.454357  | 67.438022 | 79.000000 | 72.000 | 0.0011 | 0.125000 | NO          | 1.603330  | 
283   | 22       | 67.454357  | 67.427871 | 61.000000 | 72.000 | 0.0008 | 0.125000 | NO          | 1.603501  | 
284   | 23       | 67.454357  | 67.421309 | 77.000000 | 72.000 | 0.0010 | 0.125000 | NO          | 1.603704  | 
285   | 24       | 67.454357  | 67.437563 | 63.000000 | 72.000 | 0.0010 | 0.125000 | NO          | 1.603903  | 
286   | 25       | 67.454357  | 67.437701 | 73.000000 | 72.000 | 0.0010 | 0.125000 | NO          | 1.604090  | 
287   | 26       | 67.454357  | 67.437849 | 61.000000 | 72.000 | 0.0010 | 0.125000 | NO          | 1.604264  | 
288   | 27       | 67.454357  | 67.431534 | 69.000000 | 72.000 | 0.0010 | 0.125000 | NO          | 1.604429  | 
289   | 28       | 67.454357  | 67.430392 | 72.000000 | 72.000 | 0.0009 | 0.125000 | NO          | 1.604599  | 
290   | 29       | 67.454357  | 67.453420 | 67.000000 | 72.000 | 0.0010 | 0.125000 | NO          | 1.604776  | 
291   | 30       | 67.454357  | 67.453297 | 67.000000 | 72.000 | 0.0011 | 0.125000 | NO          | 1.604938  | 
292   | 0        | 67.463695  | 67.463695 | 62.000000 | 72.000 | 0.0005 | 0.062500 | NO          | 1.605111  | 
293   | 0        | 67.466447  | 67.466447 | 69.000000 | 72.000 | 0.0005 | 0.062500 | NO          | 1.605279  | 
294   | 1        | 67.466447  | 67.459478 | 70.000000 | 72.000 | 0.0004 | 0.062500 | NO          | 1.605468  | 
295   | 0        | 67.474093  | 67.474093 | 61.000000 | 72.000 | 0.0005 | 0.062500 | NO          | 1.605641  | 
296   | 1        | 67.474093  | 67.462453 | 69.000000 | 72.000 | 0.0004 | 0.062500 | NO          | 1.605805  | 
297   | 2        | 67.474093  | 67.472997 | 73.000000 | 72.000 | 0.0005 | 0.062500 | NO          | 1.605969  | 
298   | 3        | 67.474093  | 67.459489 | 57.000000 | 72.000 | 0.0004 | 0.062500 | NO          | 1.606150  | 
299   | 4        | 67.474093  | 67.460232 | 70.000000 | 72.000 | 0.0004 | 0.062500 | NO          | 1.606318  | 
300   | 5        | 67.474093  | 67.470773 | 69.000000 | 72.000 | 0.0005 | 0.062500 | NO          | 1.627651  | 
301   | 6        | 67.474093  | 67.466159 | 67.000000 | 72.000 | 0.0004 | 0.062500 | NO          | 1.627824  | 
302   | 7        | 67.474093  | 67.467296 | 57.000000 | 72.000 | 0.0005 | 0.062500 | NO          | 1.627975  | 
303   | 8        | 67.474093  | 67.454022 | 73.000000 | 72.000 | 0.0004 | 0.062500 | NO          | 1.628132  | 
304   | 9        | 67.474093  | 67.461118 | 70.000000 | 72.000 | 0.0004 | 0.062500 | NO          | 1.628282  | 
305   | 10       | 67.474093  | 67.468381 | 60.000000 | 72.000 | 0.0005 | 0.062500 | NO          | 1.628435  | 
306   | 11       | 67.474093  | 67.460706 | 67.000000 | 72.000 | 0.0005 | 0.062500 | NO          | 1.628595  | 
307   | 0        | 67.477872  | 67.477872 | 73.000000 | 72.000 | 0.0005 | 0.062500 | NO          | 1.628744  | 
308   | 1        | 67.477872  | 67.470553 | 73.000000 | 72.000 | 0.0004 | 0.062500 | NO          | 1.628895  | 
309   | 2        | 67.477872  | 67.453724 | 61.000000 | 72.000 | 0.0005 | 0.062500 | NO          | 1.629043  | 
310   | 3        | 67.477872  | 67.464011 | 67.000000 | 72.000 | 0.0004 | 0.062500 | NO          | 1.629190  | 
311   | 4        | 67.477872  | 67.473762 | 69.000000 | 72.000 | 0.0005 | 0.062500 | NO          | 1.629344  | 
312   | 5        | 67.477872  | 67.457076 | 63.000000 | 72.000 | 0.0004 | 0.062500 | NO          | 1.629500  | 
313   | 6        | 67.477872  | 67.461643 | 67.000000 | 72.000 | 0.0005 | 0.062500 | NO          | 1.629657  | 
314   | 7        | 67.477872  | 67.469122 | 63.000000 | 72.000 | 0.0004 | 0.062500 | NO          | 1.629813  | 
315   | 8        | 67.477872  | 67.476534 | 73.000000 | 72.000 | 0.0005 | 0.062500 | NO          | 1.629970  | 
316   | 9        | 67.477872  | 67.472659 | 63.000000 | 72.000 | 0.0005 | 0.062500 | NO          | 1.630128  | 
317   | 10       | 67.477872  | 67.468142 | 67.000000 | 72.000 | 0.0005 | 0.062500 | NO          | 1.630278  | 
318   | 11       | 67.477872  | 67.471266 | 63.000000 | 72.000 | 0.0004 | 0.062500 | NO          | 1.630448  | 
319   | 12       | 67.477872  | 67.471238 | 77.000000 | 72.000 | 0.0005 | 0.062500 | NO          | 1.630632  | 
320   | 13       | 67.477872  | 67.470354 | 63.000000 | 72.000 | 0.0005 | 0.062500 | NO          | 1.630793  | 
321   | 14       | 67.477872  | 67.463341 | 57.000000 | 72.000 | 0.0005 | 0.062500 | NO          | 1.630961  | 
322   | 15       | 67.477872  | 67.468173 | 71.000000 | 72.000 | 0.0004 | 0.062500 | NO          | 1.631118  | 
323   | 16       | 67.477872  | 67.464788 | 79.000000 | 72.000 | 0.0005 | 0.062500 | NO          | 1.631286  | 
324   | 17       | 67.477872  | 67.474123 | 53.000000 | 72.000 | 0.0005 | 0.062500 | NO          | 1.631436  | 
325   | 18       | 67.477872  | 67.465220 | 83.000000 | 72.000 | 0.0005 | 0.062500 | NO          | 1.631589  | 
326   | 19       | 67.477872  | 67.471107 | 63.000000 | 72.000 | 0.0004 | 0.062500 | NO          | 1.631754  | 
327   | 20       | 67.477872  | 67.462993 | 71.000000 | 72.000 | 0.0004 | 0.062500 | NO          | 1.631914  | 
328   | 0        | 67.483342  | 67.483342 | 67.000000 | 72.000 | 0.0005 | 0.062500 | NO          | 1.632076  | 
329   | 1        | 67.483342  | 67.475846 | 71.000000 | 72.000 | 0.0005 | 0.062500 | NO          | 1.632239  | 
330   | 2        | 67.483342  | 67.476969 | 63.000000 | 72.000 | 0.0005 | 0.062500 | NO          | 1.653319  | 
331   | 3        | 67.483342  | 67.465014 | 83.000000 | 72.000 | 0.0005 | 0.062500 | NO          | 1.653547  | 
332   | 4        | 67.483342  | 67.474153 | 66.000000 | 72.000 | 0.0004 | 0.062500 | NO          | 1.653741  | 
333   | 5        | 67.483342  | 67.465826 | 61.000000 | 72.000 | 0.0005 | 0.062500 | NO          | 1.653897  | 
334   | 6        | 67.483342  | 67.464232 | 63.000000 | 72.000 | 0.0004 | 0.062500 | NO          | 1.654061  | 
335   | 7        | 67.483342  | 67.466895 | 69.000000 | 72.000 | 0.0005 | 0.062500 | NO          | 1.654226  | 
336   | 8        | 67.483342  | 67.472332 | 67.000000 | 72.000 | 0.0005 | 0.062500 | NO          | 1.654377  | 
337   | 9        | 67.483342  | 67.476318 | 67.000000 | 72.000 | 0.0005 | 0.062500 | NO          | 1.654534  | 
338   | 10       | 67.483342  | 67.474640 | 73.000000 | 72.000 | 0.0005 | 0.062500 | NO          | 1.654693  | 
339   | 11       | 67.483342  | 67.473831 | 61.000000 | 72.000 | 0.0005 | 0.062500 | NO          | 1.654853  | 
340   | 12       | 67.483342  | 67.460878 | 67.000000 | 72.000 | 0.0004 | 0.062500 | NO          | 1.655004  | 
341   | 13       | 67.483342  | 67.474679 | 69.000000 | 72.000 | 0.0005 | 0.062500 | NO          | 1.655159  | 
342   | 14       | 67.483342  | 67.474898 | 63.000000 | 72.000 | 0.0005 | 0.062500 | NO          | 1.655333  | 
343   | 15       | 67.483342  | 67.464563 | 64.000000 | 72.000 | 0.0005 | 0.062500 | NO          | 1.655489  | 
344   | 16       | 67.483342  | 67.469353 | 83.000000 | 72.000 | 0.0005 | 0.062500 | NO          | 1.655655  | 
345   | 17       | 67.483342  | 67.477984 | 59.000000 | 72.000 | 0.0005 | 0.062500 | NO          | 1.655824  | 
346   | 18       | 67.483342  | 67.460898 | 67.000000 | 72.000 | 0.0004 | 0.062500 | NO          | 1.655986  | 
347   | 19       | 67.483342  | 67.471791 | 71.000000 | 72.000 | 0.0005 | 0.062500 | NO          | 1.656143  | 
348   | 20       | 67.483342  | 67.465812 | 57.000000 | 72.000 | 0.0005 | 0.062500 | NO          | 1.656293  | 
349   | 21       | 67.483342  | 67.465439 | 73.000000 | 72.000 | 0.0004 | 0.062500 | NO          | 1.656450  | 
350   | 22       | 67.483342  | 67.472412 | 69.000000 | 72.000 | 0.0005 | 0.062500 | NO          | 1.656609  | 
351   | 23       | 67.483342  | 67.466180 | 61.000000 | 72.000 | 0.0005 | 0.062500 | NO          | 1.656768  | 
352   | 24       | 67.483342  | 67.467504 | 77.000000 | 72.000 | 0.0005 | 0.062500 | NO          | 1.656917  | 
353   | 25       | 67.483342  | 67.471928 | 63.000000 | 72.000 | 0.0005 | 0.062500 | NO          | 1.657073  | 
354   | 26       | 67.483342  | 67.467893 | 66.000000 | 72.000 | 0.0005 | 0.062500 | NO          | 1.657226  | 
355   | 27       | 67.483342  | 67.464994 | 67.000000 | 72.000 | 0.0004 | 0.062500 | NO          | 1.657378  | 
356   | 28       | 67.483342  | 67.464667 | 73.000000 | 72.000 | 0.0004 | 0.062500 | NO          | 1.657531  | 
357   | 29       | 67.483342  | 67.466468 | 63.000000 | 72.000 | 0.0005 | 0.062500 | NO          | 1.657697  | 
358   | 30       | 67.483342  | 67.472298 | 57.000000 | 72.000 | 0.0005 | 0.062500 | NO          | 1.657857  | 
359   | 1        | 67.483342  | 67.473051 | 77.000000 | 72.000 | 0.0002 | 0.031250 | NO          | 1.658012  | 
360   | 2        | 67.483342  | 67.479085 | 63.000000 | 72.000 | 0.0002 | 0.031250 | NO          | 1.680340  | 
361   | 3        | 67.483342  | 67.479535 | 71.000000 | 72.000 | 0.0002 | 0.031250 | NO          | 1.680578  | 
362   | 0        | 67.486806  | 67.486806 | 69.000000 | 72.000 | 0.0002 | 0.031250 | NO          | 1.680758  | 
363   | 1        | 67.486806  | 67.477216 | 57.000000 | 72.000 | 0.0002 | 0.031250 | NO          | 1.680916  | 
364   | 2        | 67.486806  | 67.480295 | 63.000000 | 72.000 | 0.0002 | 0.031250 | NO          | 1.681063  | 
365   | 3        | 67.486806  | 67.485334 | 83.000000 | 72.000 | 0.0002 | 0.031250 | NO          | 1.681225  | 
366   | 4        | 67.486806  | 67.484269 | 63.000000 | 72.000 | 0.0002 | 0.031250 | NO          | 1.681387  | 
367   | 5        | 67.486806  | 67.482828 | 71.000000 | 72.000 | 0.0002 | 0.031250 | NO          | 1.681539  | 
368   | 0        | 67.487552  | 67.487552 | 57.000000 | 72.000 | 0.0002 | 0.031250 | NO          | 1.681727  | 
369   | 1        | 67.487552  | 67.486047 | 83.000000 | 72.000 | 0.0002 | 0.031250 | NO          | 1.681885  | 
370   | 2        | 67.487552  | 67.484083 | 53.000000 | 72.000 | 0.0002 | 0.031250 | NO          | 1.682048  | 
371   | 3        | 67.487552  | 67.479699 | 74.000000 | 72.000 | 0.0002 | 0.031250 | NO          | 1.682216  | 
372   | 4        | 67.487552  | 67.486258 | 63.000000 | 72.000 | 0.0002 | 0.031250 | NO          | 1.682401  | 
373   | 5        | 67.487552  | 67.481616 | 63.000000 | 72.000 | 0.0002 | 0.031250 | NO          | 1.682557  | 
374   | 0        | 67.488187  | 67.488187 | 67.000000 | 72.000 | 0.0002 | 0.031250 | NO          | 1.682728  | 
375   | 1        | 67.488187  | 67.485387 | 63.000000 | 72.000 | 0.0002 | 0.031250 | NO          | 1.682886  | 
376   | 2        | 67.488187  | 67.482071 | 79.000000 | 72.000 | 0.0002 | 0.031250 | NO          | 1.683049  | 
377   | 3        | 67.488187  | 67.480475 | 61.000000 | 72.000 | 0.0002 | 0.031250 | NO          | 1.683204  | 
378   | 4        | 67.488187  | 67.481269 | 83.000000 | 72.000 | 0.0002 | 0.031250 | NO          | 1.683361  | 
379   | 5        | 67.488187  | 67.482254 | 57.000000 | 72.000 | 0.0002 | 0.031250 | NO          | 1.683521  | 
380   | 6        | 67.488187  | 67.480598 | 66.000000 | 72.000 | 0.0002 | 0.031250 | NO          | 1.683677  | 
381   | 7        | 67.488187  | 67.480740 | 73.000000 | 72.000 | 0.0002 | 0.031250 | NO          | 1.683828  | 
382   | 8        | 67.488187  | 67.484773 | 61.000000 | 72.000 | 0.0002 | 0.031250 | NO          | 1.684000  | 
383   | 9        | 67.488187  | 67.483387 | 67.000000 | 72.000 | 0.0002 | 0.031250 | NO          | 1.684158  | 
384   | 10       | 67.488187  | 67.487748 | 69.000000 | 72.000 | 0.0002 | 0.031250 | NO          | 1.684318  | 
385   | 11       | 67.488187  | 67.481194 | 63.000000 | 72.000 | 0.0002 | 0.031250 | NO          | 1.684472  | 
386   | 12       | 67.488187  | 67.485131 | 57.000000 | 72.000 | 0.0002 | 0.031250 | NO          | 1.684636  | 
387   | 13       | 67.488187  | 67.476850 | 77.000000 | 72.000 | 0.0002 | 0.031250 | NO          | 1.684801  | 
388   | 14       | 67.488187  | 67.482366 | 73.000000 | 72.000 | 0.0002 | 0.031250 | NO          | 1.684962  | 
389   | 0        | 67.489188  | 67.489188 | 67.000000 | 72.000 | 0.0002 | 0.031250 | NO          | 1.685116  | 
390   | 1        | 67.489188  | 67.484281 | 67.000000 | 72.000 | 0.0002 | 0.031250 | NO          | 1.706208  | 
391   | 2        | 67.489188  | 67.486051 | 77.000000 | 72.000 | 0.0002 | 0.031250 | NO          | 1.706458  | 
392   | 3        | 67.489188  | 67.484922 | 53.000000 | 72.000 | 0.0002 | 0.031250 | NO          | 1.706665  | 
393   | 4        | 67.489188  | 67.488149 | 71.000000 | 72.000 | 0.0002 | 0.031250 | NO          | 1.706817  | 
394   | 5        | 67.489188  | 67.485843 | 69.000000 | 72.000 | 0.0002 | 0.031250 | NO          | 1.706972  | 
395   | 6        | 67.489188  | 67.483219 | 63.000000 | 72.000 | 0.0002 | 0.031250 | NO          | 1.707126  | 
396   | 7        | 67.489188  | 67.484249 | 57.000000 | 72.000 | 0.0002 | 0.031250 | NO          | 1.707306  | 
397   | 8        | 67.489188  | 67.481497 | 73.000000 | 72.000 | 0.0002 | 0.031250 | NO          | 1.707465  | 
398   | 9        | 67.489188  | 67.478174 | 77.000000 | 72.000 | 0.0002 | 0.031250 | NO          | 1.707635  | 
399   | 10       | 67.489188  | 67.477705 | 73.000000 | 72.000 | 0.0002 | 0.031250 | NO          | 1.707794  | 
400   | 11       | 67.489188  | 67.481959 | 57.000000 | 72.000 | 0.0002 | 0.031250 | NO          | 1.707956  | 
401   | 12       | 67.489188  | 67.482312 | 71.000000 | 72.000 | 0.0002 | 0.031250 | NO          | 1.708111  | 
402   | 13       | 67.489188  | 67.487981 | 65.000000 | 72.000 | 0.0002 | 0.031250 | NO          | 1.708266  | 
403   | 14       | 67.489188  | 67.484178 | 67.000000 | 72.000 | 0.0002 | 0.031250 | NO          | 1.708421  | 
404   | 15       | 67.489188  | 67.485883 | 69.000000 | 72.000 | 0.0002 | 0.031250 | NO          | 1.708577  | 
405   | 16       | 67.489188  | 67.482634 | 61.000000 | 72.000 | 0.0002 | 0.031250 | NO          | 1.708750  | 
406   | 17       | 67.489188  | 67.483286 | 70.000000 | 72.000 | 0.0002 | 0.031250 | NO          | 1.708928  | 
407   | 18       | 67.489188  | 67.483340 | 63.000000 | 72.000 | 0.0002 | 0.031250 | NO          | 1.709315  | 
408   | 19       | 67.489188  | 67.484204 | 63.000000 | 72.000 | 0.0002 | 0.031250 | NO          | 1.709825  | 
409   | 20       | 67.489188  | 67.483546 | 67.000000 | 72.000 | 0.0002 | 0.031250 | NO          | 1.710112  | 
410   | 21       | 67.489188  | 67.482926 | 65.000000 | 72.000 | 0.0002 | 0.031250 | NO          | 1.710359  | 
411   | 22       | 67.489188  | 67.483682 | 67.000000 | 72.000 | 0.0002 | 0.031250 | NO          | 1.710562  | 
412   | 23       | 67.489188  | 67.482298 | 73.000000 | 72.000 | 0.0002 | 0.031250 | NO          | 1.710788  | 
413   | 24       | 67.489188  | 67.477275 | 61.000000 | 72.000 | 0.0002 | 0.031250 | NO          | 1.711014  | 
414   | 25       | 67.489188  | 67.484182 | 69.000000 | 72.000 | 0.0002 | 0.031250 | NO          | 1.711203  | 
415   | 26       | 67.489188  | 67.484449 | 73.000000 | 72.000 | 0.0002 | 0.031250 | NO          | 1.711384  | 
416   | 27       | 67.489188  | 67.487250 | 57.000000 | 72.000 | 0.0002 | 0.031250 | NO          | 1.711566  | 
417   | 28       | 67.489188  | 67.480544 | 71.000000 | 72.000 | 0.0002 | 0.031250 | NO          | 1.711817  | 
418   | 29       | 67.489188  | 67.484600 | 83.000000 | 72.000 | 0.0002 | 0.031250 | NO          | 1.712021  | 
419   | 30       | 67.489188  | 67.487742 | 67.000000 | 72.000 | 0.0002 | 0.031250 | NO          | 1.712200  | 
420   | 0        | 67.490202  | 67.490202 | 57.000000 | 72.000 | 0.0001 | 0.015625 | NO          | 1.737993  | 
421   | 1        | 67.490202  | 67.485682 | 63.000000 | 72.000 | 0.0001 | 0.015625 | NO          | 1.738236  | 
422   | 0        | 67.491733  | 67.491733 | 63.000000 | 72.000 | 0.0001 | 0.015625 | NO          | 1.738415  | 
423   | 0        | 67.493980  | 67.493980 | 57.000000 | 72.000 | 0.0001 | 0.015625 | NO          | 1.738586  | 
424   | 1        | 67.493980  | 67.490159 | 63.000000 | 72.000 | 0.0001 | 0.015625 | NO          | 1.738752  | 
425   | 2        | 67.493980  | 67.491659 | 73.000000 | 72.000 | 0.0001 | 0.015625 | NO          | 1.738919  | 
426   | 3        | 67.493980  | 67.490825 | 77.000000 | 72.000 | 0.0001 | 0.015625 | NO          | 1.739091  | 
427   | 4        | 67.493980  | 67.492483 | 67.000000 | 72.000 | 0.0001 | 0.015625 | NO          | 1.739256  | 
428   | 5        | 67.493980  | 67.492406 | 67.000000 | 72.000 | 0.0001 | 0.015625 | NO          | 1.739415  | 
429   | 0        | 67.494427  | 67.494427 | 63.000000 | 72.000 | 0.0001 | 0.015625 | NO          | 1.739577  | 
430   | 1        | 67.494427  | 67.491347 | 67.000000 | 72.000 | 0.0001 | 0.015625 | NO          | 1.739741  | 
431   | 2        | 67.494427  | 67.493834 | 80.000000 | 72.000 | 0.0001 | 0.015625 | NO          | 1.739907  | 
432   | 3        | 67.494427  | 67.492452 | 57.000000 | 72.000 | 0.0001 | 0.015625 | NO          | 1.740076  | 
433   | 4        | 67.494427  | 67.494249 | 73.000000 | 72.000 | 0.0001 | 0.015625 | NO          | 1.740243  | 
