Iter  | Wout Imp | LB         | Lagr Cost | Real Cost | UB     | Step   | Lambda   | Feasibility | Time      | 
1     | 0        | 277.000000 | 277.00000 | 277.00000 | 3600.0 | 0.0000 | 2.000000 | NO          | 0.310697  | 
2     | 1        | 277.000000 | -66.12650 | 593.00000 | 1475.0 | 1.6123 | 2.000000 | NO          | 0.334346  | 
3     | 2        | 277.000000 | 9.566283  | 860.00000 | 1475.0 | 0.5443 | 2.000000 | NO          | 0.350982  | 
4     | 3        | 277.000000 | 86.348904 | 1001.0000 | 1475.0 | 0.4147 | 2.000000 | NO          | 0.378328  | 
5     | 4        | 277.000000 | 117.03747 | 1105.0000 | 1475.0 | 0.4840 | 2.000000 | NO          | 0.389807  | 
6     | 5        | 277.000000 | 146.15658 | 1231.0000 | 1475.0 | 0.4097 | 2.000000 | NO          | 0.391064  | 
7     | 6        | 277.000000 | 136.60631 | 1045.0000 | 1475.0 | 0.9154 | 2.000000 | NO          | 0.392329  | 
8     | 7        | 277.000000 | 68.383638 | 1149.0000 | 1475.0 | 0.8929 | 2.000000 | NO          | 0.393527  | 
9     | 8        | 277.000000 | 96.388944 | 1368.0000 | 1475.0 | 0.9171 | 2.000000 | NO          | 0.394783  | 
10    | 9        | 277.000000 | 33.289193 | 1053.0000 | 1475.0 | 1.1900 | 2.000000 | NO          | 0.396022  | 
11    | 10       | 277.000000 | -71.31442 | 1195.0000 | 1475.0 | 1.7583 | 2.000000 | NO          | 0.397527  | 
12    | 11       | 277.000000 | -89.91443 | 1377.0000 | 1475.0 | 1.1305 | 2.000000 | NO          | 0.399294  | 
13    | 12       | 277.000000 | -154.6649 | 1041.0000 | 1475.0 | 1.4472 | 2.000000 | NO          | 0.401348  | 
14    | 13       | 277.000000 | -86.75739 | 1236.0000 | 1475.0 | 1.6592 | 2.000000 | NO          | 0.403381  | 
15    | 14       | 277.000000 | -147.5718 | 1176.0000 | 1475.0 | 1.7895 | 2.000000 | NO          | 0.405079  | 
16    | 15       | 277.000000 | -243.3147 | 1010.0000 | 1475.0 | 1.8822 | 2.000000 | NO          | 0.406340  | 
17    | 16       | 277.000000 | -130.1991 | 1286.0000 | 1475.0 | 1.1498 | 2.000000 | NO          | 0.407596  | 
18    | 17       | 277.000000 | -342.2531 | 956.00000 | 1475.0 | 1.8777 | 2.000000 | NO          | 0.408766  | 
19    | 18       | 277.000000 | -269.6639 | 1167.0000 | 1475.0 | 0.9034 | 2.000000 | NO          | 0.409978  | 
20    | 19       | 277.000000 | -320.4548 | 907.00000 | 1475.0 | 1.4118 | 2.000000 | NO          | 0.411213  | 
21    | 20       | 277.000000 | -258.9667 | 1168.0000 | 1475.0 | 1.0861 | 2.000000 | NO          | 0.412457  | 
22    | 21       | 277.000000 | -262.8307 | 1179.0000 | 1475.0 | 1.7848 | 2.000000 | NO          | 0.413728  | 
23    | 22       | 277.000000 | -214.8847 | 1424.0000 | 1475.0 | 1.2133 | 2.000000 | NO          | 0.415003  | 
24    | 23       | 277.000000 | -395.2826 | 1145.0000 | 1475.0 | 1.9649 | 2.000000 | NO          | 0.416190  | 
25    | 24       | 277.000000 | -299.6493 | 1349.0000 | 1475.0 | 0.9453 | 2.000000 | NO          | 0.417450  | 
26    | 25       | 277.000000 | -355.5131 | 960.00000 | 1475.0 | 1.2227 | 2.000000 | NO          | 0.418670  | 
27    | 26       | 277.000000 | -341.2264 | 1124.0000 | 1475.0 | 1.5560 | 2.000000 | NO          | 0.419906  | 
28    | 27       | 277.000000 | -403.2271 | 1272.0000 | 1475.0 | 1.5931 | 2.000000 | NO          | 0.421099  | 
29    | 28       | 277.000000 | -439.2877 | 977.00000 | 1475.0 | 2.1066 | 2.000000 | NO          | 0.422273  | 
30    | 29       | 277.000000 | -478.6524 | 1126.0000 | 1475.0 | 2.2611 | 2.000000 | NO          | 0.432125  | 
31    | 30       | 277.000000 | -448.4964 | 1226.0000 | 1475.0 | 1.6186 | 2.000000 | NO          | 0.433538  | 
32    | 1        | 277.000000 | -201.5204 | 1353.0000 | 1475.0 | 0.8026 | 1.000000 | NO          | 0.434968  | 
33    | 2        | 277.000000 | -134.9256 | 1563.0000 | 1475.0 | 0.8899 | 1.000000 | NO          | 0.436494  | 
34    | 3        | 277.000000 | -104.5285 | 1238.0000 | 1475.0 | 0.6816 | 1.000000 | NO          | 0.438000  | 
35    | 4        | 277.000000 | 43.946453 | 1395.0000 | 1475.0 | 0.6104 | 1.000000 | NO          | 0.439611  | 
36    | 5        | 277.000000 | 113.82771 | 1374.0000 | 1475.0 | 0.6716 | 1.000000 | NO          | 0.441164  | 
37    | 6        | 277.000000 | 163.80556 | 1128.0000 | 1475.0 | 0.6836 | 1.000000 | NO          | 0.442803  | 
38    | 0        | 321.245675 | 321.24567 | 1191.0000 | 1475.0 | 0.5907 | 1.000000 | NO          | 0.444742  | 
39    | 0        | 377.470848 | 377.47084 | 1087.0000 | 1475.0 | 0.5601 | 1.000000 | NO          | 0.446646  | 
40    | 0        | 422.782848 | 422.78284 | 1186.0000 | 1475.0 | 0.4924 | 1.000000 | NO          | 0.448352  | 
41    | 0        | 444.436832 | 444.43683 | 1373.0000 | 1475.0 | 0.7961 | 1.000000 | NO          | 0.449988  | 
42    | 0        | 464.364971 | 464.36497 | 1121.0000 | 1475.0 | 0.7947 | 1.000000 | NO          | 0.451495  | 
43    | 0        | 529.295758 | 529.29575 | 1370.0000 | 1475.0 | 0.6361 | 1.000000 | NO          | 0.452989  | 
44    | 0        | 602.918472 | 602.91847 | 1333.0000 | 1475.0 | 0.5282 | 1.000000 | NO          | 0.454542  | 
45    | 0        | 616.421250 | 616.42125 | 1301.0000 | 1475.0 | 0.4768 | 1.000000 | NO          | 0.456035  | 
46    | 0        | 667.509608 | 667.50960 | 1127.0000 | 1475.0 | 0.4571 | 1.000000 | NO          | 0.457510  | 
47    | 1        | 667.509608 | 663.96288 | 1195.0000 | 1475.0 | 0.4360 | 1.000000 | NO          | 0.458954  | 
48    | 2        | 667.509608 | 642.90892 | 1145.0000 | 1475.0 | 0.5382 | 1.000000 | NO          | 0.460358  | 
49    | 0        | 694.071281 | 694.07128 | 1178.0000 | 1475.0 | 0.3287 | 1.000000 | NO          | 0.461830  | 
50    | 0        | 706.142918 | 706.14291 | 1348.0000 | 1475.0 | 0.3876 | 1.000000 | NO          | 0.463343  | 
51    | 0        | 708.765130 | 708.76513 | 1125.0000 | 1475.0 | 0.4122 | 1.000000 | NO          | 0.464890  | 
52    | 0        | 738.254396 | 738.25439 | 1100.0000 | 1475.0 | 0.5439 | 1.000000 | NO          | 0.466465  | 
53    | 0        | 747.682371 | 747.68237 | 1124.0000 | 1475.0 | 0.4181 | 1.000000 | NO          | 0.467961  | 
54    | 0        | 761.858960 | 761.85896 | 1321.0000 | 1475.0 | 0.4687 | 1.000000 | NO          | 0.469440  | 
55    | 0        | 772.513330 | 772.51333 | 1114.0000 | 1475.0 | 0.4834 | 1.000000 | NO          | 0.470902  | 
56    | 1        | 772.513330 | 759.35027 | 1225.0000 | 1475.0 | 0.4572 | 1.000000 | NO          | 0.472333  | 
57    | 2        | 772.513330 | 762.60496 | 1198.0000 | 1475.0 | 0.3920 | 1.000000 | NO          | 0.473734  | 
58    | 0        | 775.062751 | 775.06275 | 1226.0000 | 1475.0 | 0.4158 | 1.000000 | NO          | 0.475206  | 
59    | 1        | 775.062751 | 720.50799 | 1084.0000 | 1475.0 | 0.5678 | 1.000000 | NO          | 0.476653  | 
60    | 2        | 775.062751 | 756.62971 | 1306.0000 | 1475.0 | 0.4335 | 1.000000 | NO          | 0.490732  | 
61    | 3        | 775.062751 | 769.50020 | 1233.0000 | 1475.0 | 0.3941 | 1.000000 | NO          | 0.492353  | 
62    | 4        | 775.062751 | 747.78048 | 1240.0000 | 1475.0 | 0.4472 | 1.000000 | NO          | 0.493824  | 
63    | 0        | 790.901014 | 790.90101 | 1178.0000 | 1475.0 | 0.3734 | 1.000000 | NO          | 0.495253  | 
64    | 0        | 792.498405 | 792.49840 | 1221.0000 | 1475.0 | 0.5245 | 1.000000 | NO          | 0.496666  | 
65    | 1        | 792.498405 | 773.50343 | 1122.0000 | 1475.0 | 0.4350 | 1.000000 | NO          | 0.498053  | 
66    | 0        | 794.329305 | 794.32930 | 1213.0000 | 1475.0 | 0.4256 | 1.000000 | NO          | 0.499449  | 
67    | 0        | 809.569612 | 809.56961 | 1068.0000 | 1475.0 | 0.3948 | 1.000000 | NO          | 0.500833  | 
68    | 1        | 809.569612 | 795.83707 | 1102.0000 | 1475.0 | 0.4371 | 1.000000 | NO          | 0.502193  | 
69    | 0        | 823.563645 | 823.56364 | 1190.0000 | 1475.0 | 0.4004 | 1.000000 | NO          | 0.503606  | 
70    | 1        | 823.563645 | 811.44912 | 1226.0000 | 1475.0 | 0.3848 | 1.000000 | NO          | 0.504994  | 
71    | 0        | 834.206785 | 834.20678 | 1206.0000 | 1475.0 | 0.3180 | 1.000000 | NO          | 0.506372  | 
72    | 1        | 834.206785 | 826.21927 | 1290.0000 | 1475.0 | 0.3895 | 1.000000 | NO          | 0.507725  | 
73    | 2        | 834.206785 | 800.20888 | 1172.0000 | 1475.0 | 0.4123 | 1.000000 | NO          | 0.509092  | 
74    | 0        | 846.269226 | 846.26922 | 1142.0000 | 1475.0 | 0.2665 | 1.000000 | NO          | 0.510541  | 
75    | 1        | 846.269226 | 823.47196 | 1006.0000 | 1475.0 | 0.3053 | 1.000000 | NO          | 0.511922  | 
76    | 2        | 846.269226 | 807.38470 | 1053.0000 | 1475.0 | 0.3904 | 1.000000 | NO          | 0.513299  | 
77    | 3        | 846.269226 | 840.75981 | 1218.0000 | 1475.0 | 0.3853 | 1.000000 | NO          | 0.514694  | 
78    | 4        | 846.269226 | 813.99762 | 1168.0000 | 1475.0 | 0.4501 | 1.000000 | NO          | 0.516048  | 
79    | 5        | 846.269226 | 786.13284 | 1158.0000 | 1475.0 | 0.4327 | 1.000000 | NO          | 0.517361  | 
80    | 6        | 846.269226 | 840.71032 | 1298.0000 | 1475.0 | 0.2759 | 1.000000 | NO          | 0.518670  | 
81    | 0        | 847.517111 | 847.51711 | 1026.0000 | 1475.0 | 0.4037 | 1.000000 | NO          | 0.519970  | 
82    | 1        | 847.517111 | 837.87846 | 1153.0000 | 1475.0 | 0.4230 | 1.000000 | NO          | 0.521282  | 
83    | 2        | 847.517111 | 832.42303 | 1091.0000 | 1475.0 | 0.4027 | 1.000000 | NO          | 0.522609  | 
84    | 3        | 847.517111 | 836.25254 | 1140.0000 | 1475.0 | 0.3691 | 1.000000 | NO          | 0.523920  | 
85    | 4        | 847.517111 | 810.84036 | 1162.0000 | 1475.0 | 0.4350 | 1.000000 | NO          | 0.525200  | 
86    | 5        | 847.517111 | 796.92133 | 1211.0000 | 1475.0 | 0.3888 | 1.000000 | NO          | 0.526499  | 
87    | 6        | 847.517111 | 834.97669 | 1100.0000 | 1475.0 | 0.2986 | 1.000000 | NO          | 0.527789  | 
88    | 0        | 867.912580 | 867.91258 | 1192.0000 | 1475.0 | 0.3069 | 1.000000 | NO          | 0.529124  | 
89    | 1        | 867.912580 | 827.96489 | 995.00000 | 1475.0 | 0.4922 | 1.000000 | NO          | 0.530457  | 
90    | 2        | 867.912580 | 850.07385 | 1261.0000 | 1475.0 | 0.3645 | 1.000000 | NO          | 0.546875  | 
91    | 3        | 867.912580 | 846.08943 | 1096.0000 | 1475.0 | 0.3686 | 1.000000 | NO          | 0.548355  | 
92    | 4        | 867.912580 | 821.17478 | 1153.0000 | 1475.0 | 0.3106 | 1.000000 | NO          | 0.549707  | 
93    | 5        | 867.912580 | 855.53393 | 1223.0000 | 1475.0 | 0.3156 | 1.000000 | NO          | 0.551033  | 
94    | 6        | 867.912580 | 834.41250 | 1082.0000 | 1475.0 | 0.4361 | 1.000000 | NO          | 0.552517  | 
95    | 0        | 869.059447 | 869.05944 | 1061.0000 | 1475.0 | 0.3255 | 1.000000 | NO          | 0.554152  | 
96    | 1        | 869.059447 | 839.32385 | 1136.0000 | 1475.0 | 0.4755 | 1.000000 | NO          | 0.555874  | 
97    | 2        | 869.059447 | 818.36531 | 1106.0000 | 1475.0 | 0.3578 | 1.000000 | NO          | 0.557487  | 
98    | 3        | 869.059447 | 799.35591 | 1094.0000 | 1475.0 | 0.2782 | 1.000000 | NO          | 0.559338  | 
99    | 4        | 869.059447 | 830.59017 | 1138.0000 | 1475.0 | 0.2752 | 1.000000 | NO          | 0.561129  | 
100   | 5        | 869.059447 | 841.33177 | 1156.0000 | 1475.0 | 0.3161 | 1.000000 | NO          | 0.562706  | 
101   | 6        | 869.059447 | 817.44737 | 1159.0000 | 1475.0 | 0.3679 | 1.000000 | NO          | 0.564317  | 
102   | 7        | 869.059447 | 830.79659 | 1124.0000 | 1475.0 | 0.3030 | 1.000000 | NO          | 0.565789  | 
103   | 8        | 869.059447 | 838.83924 | 1169.0000 | 1475.0 | 0.2486 | 1.000000 | NO          | 0.567216  | 
104   | 9        | 869.059447 | 847.10762 | 1033.0000 | 1475.0 | 0.3173 | 1.000000 | NO          | 0.568613  | 
105   | 10       | 869.059447 | 834.31339 | 1066.0000 | 1475.0 | 0.4101 | 1.000000 | NO          | 0.570002  | 
106   | 11       | 869.059447 | 821.24397 | 1124.0000 | 1475.0 | 0.3705 | 1.000000 | NO          | 0.571316  | 
107   | 12       | 869.059447 | 843.84578 | 1147.0000 | 1475.0 | 0.4331 | 1.000000 | NO          | 0.572664  | 
108   | 13       | 869.059447 | 843.70221 | 1066.0000 | 1475.0 | 0.3585 | 1.000000 | NO          | 0.574001  | 
109   | 14       | 869.059447 | 847.19257 | 1186.0000 | 1475.0 | 0.3927 | 1.000000 | NO          | 0.575490  | 
110   | 15       | 869.059447 | 862.83779 | 1053.0000 | 1475.0 | 0.3037 | 1.000000 | NO          | 0.576874  | 
111   | 16       | 869.059447 | 860.20551 | 1196.0000 | 1475.0 | 0.2983 | 1.000000 | NO          | 0.578244  | 
112   | 17       | 869.059447 | 830.57331 | 1116.0000 | 1475.0 | 0.4178 | 1.000000 | NO          | 0.579610  | 
113   | 18       | 869.059447 | 849.28546 | 1144.0000 | 1475.0 | 0.2778 | 1.000000 | NO          | 0.580951  | 
114   | 19       | 869.059447 | 836.81039 | 1040.0000 | 1475.0 | 0.3404 | 1.000000 | NO          | 0.582277  | 
115   | 0        | 874.905765 | 874.90576 | 1134.0000 | 1475.0 | 0.3803 | 1.000000 | NO          | 0.583656  | 
116   | 1        | 874.905765 | 844.93965 | 1139.0000 | 1475.0 | 0.3915 | 1.000000 | NO          | 0.585005  | 
117   | 2        | 874.905765 | 854.22824 | 1220.0000 | 1475.0 | 0.2551 | 1.000000 | NO          | 0.586581  | 
118   | 3        | 874.905765 | 870.35129 | 1107.0000 | 1475.0 | 0.2616 | 1.000000 | NO          | 0.588505  | 
119   | 4        | 874.905765 | 813.68037 | 1094.0000 | 1475.0 | 0.4769 | 1.000000 | NO          | 0.589988  | 
120   | 5        | 874.905765 | 842.15598 | 1072.0000 | 1475.0 | 0.4405 | 1.000000 | NO          | 0.606886  | 
121   | 6        | 874.905765 | 852.49584 | 1168.0000 | 1475.0 | 0.3302 | 1.000000 | NO          | 0.608407  | 
122   | 0        | 883.251033 | 883.25103 | 1101.0000 | 1475.0 | 0.2461 | 1.000000 | NO          | 0.609832  | 
123   | 1        | 883.251033 | 847.62577 | 1124.0000 | 1475.0 | 0.4045 | 1.000000 | NO          | 0.611216  | 
124   | 2        | 883.251033 | 840.24497 | 1196.0000 | 1475.0 | 0.2692 | 1.000000 | NO          | 0.612558  | 
125   | 3        | 883.251033 | 853.46164 | 1157.0000 | 1475.0 | 0.3699 | 1.000000 | NO          | 0.613917  | 
126   | 4        | 883.251033 | 849.34599 | 1091.0000 | 1475.0 | 0.3528 | 1.000000 | NO          | 0.615294  | 
127   | 5        | 883.251033 | 863.18268 | 1082.0000 | 1475.0 | 0.3143 | 1.000000 | NO          | 0.616672  | 
128   | 6        | 883.251033 | 842.33129 | 1230.0000 | 1475.0 | 0.3726 | 1.000000 | NO          | 0.618008  | 
129   | 7        | 883.251033 | 842.57151 | 1120.0000 | 1475.0 | 0.3642 | 1.000000 | NO          | 0.619336  | 
130   | 8        | 883.251033 | 859.39258 | 1139.0000 | 1475.0 | 0.3213 | 1.000000 | NO          | 0.620636  | 
131   | 9        | 883.251033 | 842.11410 | 974.00000 | 1475.0 | 0.3966 | 1.000000 | NO          | 0.621947  | 
132   | 10       | 883.251033 | 825.95134 | 1195.0000 | 1475.0 | 0.4325 | 1.000000 | NO          | 0.623245  | 
133   | 11       | 883.251033 | 814.88685 | 1133.0000 | 1475.0 | 0.3523 | 1.000000 | NO          | 0.624504  | 
134   | 12       | 883.251033 | 846.03129 | 1085.0000 | 1475.0 | 0.3828 | 1.000000 | NO          | 0.625787  | 
135   | 13       | 883.251033 | 882.74093 | 1115.0000 | 1475.0 | 0.3058 | 1.000000 | NO          | 0.627122  | 
136   | 14       | 883.251033 | 841.00574 | 1152.0000 | 1475.0 | 0.3947 | 1.000000 | NO          | 0.628401  | 
137   | 15       | 883.251033 | 841.21205 | 1125.0000 | 1475.0 | 0.3320 | 1.000000 | NO          | 0.629718  | 
138   | 16       | 883.251033 | 831.65230 | 1144.0000 | 1475.0 | 0.3235 | 1.000000 | NO          | 0.631020  | 
139   | 17       | 883.251033 | 850.58409 | 1083.0000 | 1475.0 | 0.3262 | 1.000000 | NO          | 0.632320  | 
140   | 18       | 883.251033 | 855.66694 | 1156.0000 | 1475.0 | 0.3125 | 1.000000 | NO          | 0.633632  | 
141   | 19       | 883.251033 | 826.55298 | 1148.0000 | 1475.0 | 0.4426 | 1.000000 | NO          | 0.634895  | 
142   | 20       | 883.251033 | 853.99873 | 1141.0000 | 1475.0 | 0.2829 | 1.000000 | NO          | 0.636168  | 
143   | 21       | 883.251033 | 836.77942 | 1134.0000 | 1475.0 | 0.4092 | 1.000000 | NO          | 0.637481  | 
144   | 22       | 883.251033 | 825.85199 | 1058.0000 | 1475.0 | 0.2967 | 1.000000 | NO          | 0.638784  | 
145   | 23       | 883.251033 | 865.06988 | 1111.0000 | 1475.0 | 0.3887 | 1.000000 | NO          | 0.640135  | 
146   | 24       | 883.251033 | 836.22482 | 1147.0000 | 1475.0 | 0.3867 | 1.000000 | NO          | 0.641477  | 
147   | 25       | 883.251033 | 858.77277 | 1058.0000 | 1475.0 | 0.4590 | 1.000000 | NO          | 0.642843  | 
148   | 26       | 883.251033 | 882.75006 | 1101.0000 | 1475.0 | 0.4666 | 1.000000 | NO          | 0.644179  | 
149   | 27       | 883.251033 | 876.79933 | 1232.0000 | 1475.0 | 0.3218 | 1.000000 | NO          | 0.645531  | 
150   | 28       | 883.251033 | 850.76172 | 1072.0000 | 1475.0 | 0.2852 | 1.000000 | NO          | 0.671954  | 
151   | 29       | 883.251033 | 850.29912 | 1114.0000 | 1475.0 | 0.3270 | 1.000000 | NO          | 0.673439  | 
152   | 30       | 883.251033 | 847.27729 | 1129.0000 | 1475.0 | 0.4484 | 1.000000 | NO          | 0.674811  | 
153   | 0        | 904.097654 | 904.09765 | 1136.0000 | 1475.0 | 0.1991 | 0.500000 | NO          | 0.676216  | 
154   | 0        | 937.224399 | 937.22439 | 1139.0000 | 1475.0 | 0.1210 | 0.500000 | NO          | 0.677537  | 
155   | 0        | 953.680468 | 953.68046 | 1006.0000 | 1475.0 | 0.2326 | 0.500000 | NO          | 0.678874  | 
156   | 0        | 958.278538 | 958.27853 | 1092.0000 | 1475.0 | 0.1985 | 0.500000 | NO          | 0.680307  | 
157   | 0        | 981.963523 | 981.96352 | 1160.0000 | 1475.0 | 0.1433 | 0.500000 | NO          | 0.681670  | 
158   | 0        | 982.265852 | 982.26585 | 1159.0000 | 1475.0 | 0.1897 | 0.500000 | NO          | 0.683055  | 
159   | 0        | 994.256182 | 994.25618 | 1067.0000 | 1475.0 | 0.1645 | 0.500000 | NO          | 0.684423  | 
160   | 1        | 994.256182 | 988.04875 | 1140.0000 | 1475.0 | 0.1704 | 0.500000 | NO          | 0.685754  | 
161   | 2        | 994.256182 | 992.51708 | 1124.0000 | 1475.0 | 0.1631 | 0.500000 | NO          | 0.687098  | 
162   | 3        | 994.256182 | 989.63161 | 1159.0000 | 1475.0 | 0.1796 | 0.500000 | NO          | 0.688425  | 
163   | 0        | 997.630819 | 997.63081 | 1162.0000 | 1475.0 | 0.1506 | 0.500000 | NO          | 0.689745  | 
164   | 0        | 1003.67658 | 1003.6765 | 1117.0000 | 1475.0 | 0.1515 | 0.500000 | NO          | 0.691093  | 
165   | 1        | 1003.67658 | 992.60367 | 1147.0000 | 1475.0 | 0.1828 | 0.500000 | NO          | 0.692523  | 
166   | 2        | 1003.67658 | 994.62100 | 1136.0000 | 1475.0 | 0.1700 | 0.500000 | NO          | 0.693902  | 
167   | 3        | 1003.67658 | 1000.6630 | 1150.0000 | 1475.0 | 0.1487 | 0.500000 | NO          | 0.695249  | 
168   | 4        | 1003.67658 | 992.14745 | 1130.0000 | 1475.0 | 0.2184 | 0.500000 | NO          | 0.696579  | 
169   | 5        | 1003.67658 | 995.65408 | 1199.0000 | 1475.0 | 0.1758 | 0.500000 | NO          | 0.698006  | 
170   | 6        | 1003.67658 | 994.72603 | 1113.0000 | 1475.0 | 0.2134 | 0.500000 | NO          | 0.699703  | 
171   | 0        | 1008.70698 | 1008.7069 | 1014.0000 | 1475.0 | 0.1150 | 0.500000 | NO          | 0.701329  | 
172   | 1        | 1008.70698 | 999.97414 | 1051.0000 | 1475.0 | 0.1823 | 0.500000 | NO          | 0.702983  | 
173   | 2        | 1008.70698 | 1007.6356 | 1223.0000 | 1475.0 | 0.1353 | 0.500000 | NO          | 0.704389  | 
174   | 3        | 1008.70698 | 1008.4485 | 1164.0000 | 1475.0 | 0.1348 | 0.500000 | NO          | 0.705747  | 
175   | 4        | 1008.70698 | 999.29023 | 1073.0000 | 1475.0 | 0.1951 | 0.500000 | NO          | 0.707073  | 
176   | 5        | 1008.70698 | 994.80891 | 1146.0000 | 1475.0 | 0.1951 | 0.500000 | NO          | 0.708363  | 
177   | 6        | 1008.70698 | 1008.3214 | 1176.0000 | 1475.0 | 0.1659 | 0.500000 | NO          | 0.709683  | 
178   | 0        | 1009.61139 | 1009.6113 | 1088.0000 | 1475.0 | 0.1505 | 0.500000 | NO          | 0.710990  | 
179   | 1        | 1009.61139 | 1006.9792 | 1186.0000 | 1475.0 | 0.1963 | 0.500000 | NO          | 0.712291  | 
180   | 2        | 1009.61139 | 1007.2689 | 1114.0000 | 1447.0 | 0.1880 | 0.500000 | NO          | 0.722153  | 
181   | 0        | 1013.86976 | 1013.8697 | 1194.0000 | 1447.0 | 0.1180 | 0.500000 | NO          | 0.723762  | 
182   | 1        | 1013.86976 | 1011.6690 | 1072.0000 | 1447.0 | 0.1819 | 0.500000 | NO          | 0.725524  | 
183   | 2        | 1013.86976 | 1012.2379 | 1060.0000 | 1447.0 | 0.1610 | 0.500000 | NO          | 0.727513  | 
184   | 0        | 1014.84824 | 1014.8482 | 1091.0000 | 1447.0 | 0.1815 | 0.500000 | NO          | 0.729840  | 
185   | 0        | 1018.49941 | 1018.4994 | 1051.0000 | 1447.0 | 0.1477 | 0.500000 | NO          | 0.732418  | 
186   | 1        | 1018.49941 | 1008.6581 | 1169.0000 | 1447.0 | 0.1658 | 0.500000 | NO          | 0.734978  | 
187   | 2        | 1018.49941 | 1013.8725 | 1144.0000 | 1447.0 | 0.1320 | 0.500000 | NO          | 0.736876  | 
188   | 3        | 1018.49941 | 1014.6143 | 1071.0000 | 1447.0 | 0.1351 | 0.500000 | NO          | 0.738667  | 
189   | 4        | 1018.49941 | 1012.2942 | 1144.0000 | 1447.0 | 0.1806 | 0.500000 | NO          | 0.740267  | 
190   | 0        | 1020.34248 | 1020.3424 | 1114.0000 | 1447.0 | 0.1475 | 0.500000 | NO          | 0.741836  | 
191   | 0        | 1021.74124 | 1021.7412 | 1103.0000 | 1447.0 | 0.1453 | 0.500000 | NO          | 0.743370  | 
192   | 1        | 1021.74124 | 1014.9644 | 1137.0000 | 1447.0 | 0.1711 | 0.500000 | NO          | 0.745017  | 
193   | 2        | 1021.74124 | 1019.0808 | 1114.0000 | 1447.0 | 0.1801 | 0.500000 | NO          | 0.746566  | 
194   | 0        | 1023.58995 | 1023.5899 | 1093.0000 | 1447.0 | 0.1306 | 0.500000 | NO          | 0.748720  | 
195   | 1        | 1023.58995 | 1014.1745 | 1115.0000 | 1447.0 | 0.1877 | 0.500000 | NO          | 0.751163  | 
196   | 2        | 1023.58995 | 1020.8700 | 1160.0000 | 1447.0 | 0.1489 | 0.500000 | NO          | 0.753639  | 
197   | 3        | 1023.58995 | 1019.9825 | 1074.0000 | 1447.0 | 0.1568 | 0.500000 | NO          | 0.755999  | 
198   | 4        | 1023.58995 | 1021.6976 | 1129.0000 | 1447.0 | 0.1389 | 0.500000 | NO          | 0.759696  | 
199   | 5        | 1023.58995 | 1019.4357 | 1095.0000 | 1447.0 | 0.1548 | 0.500000 | NO          | 0.761475  | 
200   | 6        | 1023.58995 | 1005.8700 | 1135.0000 | 1447.0 | 0.1963 | 0.500000 | NO          | 0.763176  | 
201   | 7        | 1023.58995 | 1017.4067 | 1103.0000 | 1447.0 | 0.1623 | 0.500000 | NO          | 0.764719  | 
202   | 8        | 1023.58995 | 1021.8430 | 1075.0000 | 1447.0 | 0.1610 | 0.500000 | NO          | 0.766227  | 
203   | 9        | 1023.58995 | 1019.6645 | 1127.0000 | 1447.0 | 0.1592 | 0.500000 | NO          | 0.767700  | 
204   | 10       | 1023.58995 | 1007.3216 | 1053.0000 | 1447.0 | 0.1735 | 0.500000 | NO          | 0.769191  | 
205   | 11       | 1023.58995 | 1012.5146 | 1112.0000 | 1447.0 | 0.1207 | 0.500000 | NO          | 0.770661  | 
206   | 12       | 1023.58995 | 1020.3031 | 1189.0000 | 1447.0 | 0.1275 | 0.500000 | NO          | 0.772129  | 
207   | 13       | 1023.58995 | 1020.1423 | 1107.0000 | 1447.0 | 0.1478 | 0.500000 | NO          | 0.773707  | 
208   | 14       | 1023.58995 | 1009.8814 | 1079.0000 | 1447.0 | 0.1828 | 0.500000 | NO          | 0.775214  | 
209   | 15       | 1023.58995 | 1007.9166 | 1052.0000 | 1447.0 | 0.1667 | 0.500000 | NO          | 0.776688  | 
210   | 16       | 1023.58995 | 1021.0717 | 1029.0000 | 1397.0 | 0.1387 | 0.500000 | NO          | 0.791033  | 
211   | 0        | 1024.00034 | 1024.0003 | 1157.0000 | 1397.0 | 0.1270 | 0.500000 | NO          | 0.792782  | 
212   | 0        | 1026.66850 | 1026.6685 | 1154.0000 | 1397.0 | 0.1269 | 0.500000 | NO          | 0.794601  | 
213   | 0        | 1030.20336 | 1030.2033 | 1184.0000 | 1397.0 | 0.1227 | 0.500000 | NO          | 0.796560  | 
214   | 1        | 1030.20336 | 1025.7284 | 1125.0000 | 1397.0 | 0.1458 | 0.500000 | NO          | 0.799123  | 
215   | 2        | 1030.20336 | 1023.6883 | 1081.0000 | 1397.0 | 0.1279 | 0.500000 | NO          | 0.802660  | 
216   | 3        | 1030.20336 | 1018.6913 | 978.00000 | 1397.0 | 0.1563 | 0.500000 | NO          | 0.805172  | 
217   | 0        | 1037.20788 | 1037.2078 | 1157.0000 | 1397.0 | 0.1227 | 0.500000 | NO          | 0.807142  | 
218   | 1        | 1037.20788 | 1024.1021 | 1162.0000 | 1397.0 | 0.1344 | 0.500000 | NO          | 0.809082  | 
219   | 2        | 1037.20788 | 1029.6273 | 1099.0000 | 1397.0 | 0.1383 | 0.500000 | NO          | 0.811022  | 
220   | 3        | 1037.20788 | 1024.0495 | 1087.0000 | 1397.0 | 0.1679 | 0.500000 | NO          | 0.812917  | 
221   | 4        | 1037.20788 | 1029.2828 | 1175.0000 | 1397.0 | 0.1240 | 0.500000 | NO          | 0.817083  | 
222   | 5        | 1037.20788 | 1026.2238 | 1107.0000 | 1397.0 | 0.1499 | 0.500000 | NO          | 0.821532  | 
223   | 6        | 1037.20788 | 1031.3187 | 1103.0000 | 1397.0 | 0.1521 | 0.500000 | NO          | 0.824118  | 
224   | 7        | 1037.20788 | 1014.6249 | 1118.0000 | 1397.0 | 0.1520 | 0.500000 | NO          | 0.827451  | 
225   | 8        | 1037.20788 | 1028.8138 | 1161.0000 | 1397.0 | 0.1073 | 0.500000 | NO          | 0.830943  | 
226   | 9        | 1037.20788 | 1033.4118 | 1081.0000 | 1397.0 | 0.1117 | 0.500000 | NO          | 0.833975  | 
227   | 10       | 1037.20788 | 1031.5610 | 1149.0000 | 1397.0 | 0.1250 | 0.500000 | NO          | 0.837862  | 
228   | 11       | 1037.20788 | 1021.0360 | 1091.0000 | 1397.0 | 0.1588 | 0.500000 | NO          | 0.842000  | 
229   | 12       | 1037.20788 | 1025.8463 | 1058.0000 | 1397.0 | 0.1334 | 0.500000 | NO          | 0.845870  | 
230   | 13       | 1037.20788 | 1030.0482 | 1145.0000 | 1397.0 | 0.1109 | 0.500000 | NO          | 0.849489  | 
231   | 14       | 1037.20788 | 1029.1295 | 1078.0000 | 1397.0 | 0.1295 | 0.500000 | NO          | 0.853204  | 
232   | 15       | 1037.20788 | 1032.1701 | 1147.0000 | 1397.0 | 0.1424 | 0.500000 | NO          | 0.856955  | 
233   | 16       | 1037.20788 | 1031.1627 | 1066.0000 | 1397.0 | 0.1528 | 0.500000 | NO          | 0.860194  | 
234   | 17       | 1037.20788 | 1023.7270 | 1167.0000 | 1397.0 | 0.1435 | 0.500000 | NO          | 0.863680  | 
235   | 18       | 1037.20788 | 1034.0992 | 1057.0000 | 1397.0 | 0.1170 | 0.500000 | NO          | 0.867392  | 
236   | 19       | 1037.20788 | 1025.5273 | 1090.0000 | 1397.0 | 0.1361 | 0.500000 | NO          | 0.870543  | 
237   | 20       | 1037.20788 | 1036.3123 | 1069.0000 | 1397.0 | 0.1227 | 0.500000 | NO          | 0.874093  | 
238   | 21       | 1037.20788 | 1021.4131 | 1127.0000 | 1397.0 | 0.1853 | 0.500000 | NO          | 0.878164  | 
239   | 22       | 1037.20788 | 1029.5110 | 1155.0000 | 1397.0 | 0.1158 | 0.500000 | NO          | 0.881186  | 
240   | 23       | 1037.20788 | 1029.2978 | 1231.0000 | 1397.0 | 0.1727 | 0.500000 | NO          | 0.964694  | 
241   | 24       | 1037.20788 | 1035.6431 | 1137.0000 | 1397.0 | 0.1268 | 0.500000 | NO          | 0.969278  | 
242   | 25       | 1037.20788 | 1029.4701 | 1025.0000 | 1397.0 | 0.1049 | 0.500000 | NO          | 0.973464  | 
243   | 26       | 1037.20788 | 1022.9250 | 1093.0000 | 1397.0 | 0.1512 | 0.500000 | NO          | 0.977465  | 
244   | 27       | 1037.20788 | 1020.5482 | 1151.0000 | 1397.0 | 0.1408 | 0.500000 | NO          | 0.979734  | 
245   | 28       | 1037.20788 | 1029.3884 | 1160.0000 | 1397.0 | 0.1236 | 0.500000 | NO          | 0.982531  | 
246   | 29       | 1037.20788 | 1032.7443 | 1086.0000 | 1397.0 | 0.1252 | 0.500000 | NO          | 0.985715  | 
247   | 30       | 1037.20788 | 1028.2056 | 1111.0000 | 1397.0 | 0.1547 | 0.500000 | NO          | 0.990171  | 
248   | 0        | 1043.46386 | 1043.4638 | 1049.0000 | 1397.0 | 0.0782 | 0.250000 | NO          | 0.993155  | 
249   | 0        | 1053.47011 | 1053.4701 | 1108.0000 | 1397.0 | 0.0662 | 0.250000 | NO          | 0.997421  | 
250   | 1        | 1053.47011 | 1052.9558 | 1075.0000 | 1397.0 | 0.0742 | 0.250000 | NO          | 1.002525  | 
251   | 0        | 1062.67901 | 1062.6790 | 1072.0000 | 1397.0 | 0.0530 | 0.250000 | NO          | 1.007676  | 
252   | 0        | 1063.17007 | 1063.1700 | 1000.0000 | 1397.0 | 0.0743 | 0.250000 | NO          | 1.010756  | 
253   | 1        | 1063.17007 | 1062.8213 | 1151.0000 | 1397.0 | 0.0745 | 0.250000 | NO          | 1.013818  | 
254   | 0        | 1063.97613 | 1063.9761 | 1149.0000 | 1397.0 | 0.0743 | 0.250000 | NO          | 1.017419  | 
255   | 0        | 1070.71954 | 1070.7195 | 1100.0000 | 1397.0 | 0.0722 | 0.250000 | NO          | 1.020245  | 
256   | 1        | 1070.71954 | 1059.5062 | 1136.0000 | 1397.0 | 0.0707 | 0.250000 | NO          | 1.023818  | 
257   | 2        | 1070.71954 | 1066.2370 | 1120.0000 | 1397.0 | 0.0815 | 0.250000 | NO          | 1.026767  | 
258   | 3        | 1070.71954 | 1069.0292 | 1089.0000 | 1397.0 | 0.0645 | 0.250000 | NO          | 1.029605  | 
259   | 4        | 1070.71954 | 1066.2968 | 1084.0000 | 1397.0 | 0.0815 | 0.250000 | NO          | 1.032380  | 
260   | 5        | 1070.71954 | 1068.8439 | 1105.0000 | 1397.0 | 0.0620 | 0.250000 | NO          | 1.035348  | 
261   | 6        | 1070.71954 | 1066.6923 | 1115.0000 | 1397.0 | 0.0678 | 0.250000 | NO          | 1.038293  | 
262   | 7        | 1070.71954 | 1064.4136 | 1063.0000 | 1397.0 | 0.0860 | 0.250000 | NO          | 1.041132  | 
263   | 8        | 1070.71954 | 1069.5510 | 1132.0000 | 1397.0 | 0.0684 | 0.250000 | NO          | 1.043376  | 
264   | 9        | 1070.71954 | 1068.5049 | 1133.0000 | 1397.0 | 0.0562 | 0.250000 | NO          | 1.046055  | 
265   | 10       | 1070.71954 | 1067.9980 | 1080.0000 | 1397.0 | 0.0641 | 0.250000 | NO          | 1.048319  | 
266   | 11       | 1070.71954 | 1069.2974 | 975.00000 | 1397.0 | 0.0545 | 0.250000 | NO          | 1.050289  | 
267   | 12       | 1070.71954 | 1066.4196 | 1174.0000 | 1397.0 | 0.0792 | 0.250000 | NO          | 1.052568  | 
268   | 13       | 1070.71954 | 1068.1453 | 1110.0000 | 1397.0 | 0.0797 | 0.250000 | NO          | 1.054464  | 
269   | 14       | 1070.71954 | 1070.4271 | 1058.0000 | 1397.0 | 0.0528 | 0.250000 | NO          | 1.056349  | 
270   | 15       | 1070.71954 | 1067.8473 | 1120.0000 | 1397.0 | 0.0825 | 0.250000 | NO          | 1.078853  | 
271   | 16       | 1070.71954 | 1067.1952 | 1120.0000 | 1397.0 | 0.0767 | 0.250000 | NO          | 1.080458  | 
272   | 0        | 1072.49733 | 1072.4973 | 1147.0000 | 1397.0 | 0.0731 | 0.250000 | NO          | 1.081980  | 
273   | 1        | 1072.49733 | 1067.4313 | 1128.0000 | 1397.0 | 0.0682 | 0.250000 | NO          | 1.083476  | 
274   | 2        | 1072.49733 | 1069.5385 | 1139.0000 | 1397.0 | 0.0542 | 0.250000 | NO          | 1.084923  | 
275   | 3        | 1072.49733 | 1069.0281 | 1129.0000 | 1397.0 | 0.0533 | 0.250000 | NO          | 1.086576  | 
276   | 4        | 1072.49733 | 1063.6839 | 1049.0000 | 1397.0 | 0.0703 | 0.250000 | NO          | 1.088044  | 
277   | 5        | 1072.49733 | 1066.9756 | 1088.0000 | 1397.0 | 0.0537 | 0.250000 | NO          | 1.089506  | 
278   | 6        | 1072.49733 | 1066.8476 | 1150.0000 | 1397.0 | 0.0786 | 0.250000 | NO          | 1.090931  | 
279   | 7        | 1072.49733 | 1069.4220 | 1121.0000 | 1397.0 | 0.0635 | 0.250000 | NO          | 1.092366  | 
280   | 8        | 1072.49733 | 1069.5379 | 1126.0000 | 1397.0 | 0.0577 | 0.250000 | NO          | 1.093795  | 
281   | 9        | 1072.49733 | 1069.8735 | 1149.0000 | 1397.0 | 0.0563 | 0.250000 | NO          | 1.095217  | 
282   | 10       | 1072.49733 | 1068.1164 | 1021.0000 | 1397.0 | 0.0674 | 0.250000 | NO          | 1.096608  | 
283   | 11       | 1072.49733 | 1067.4934 | 1045.0000 | 1397.0 | 0.0622 | 0.250000 | NO          | 1.098018  | 
284   | 12       | 1072.49733 | 1067.5097 | 1140.0000 | 1397.0 | 0.0701 | 0.250000 | NO          | 1.099426  | 
285   | 13       | 1072.49733 | 1068.6618 | 1098.0000 | 1397.0 | 0.0557 | 0.250000 | NO          | 1.100812  | 
286   | 14       | 1072.49733 | 1067.5262 | 1174.0000 | 1397.0 | 0.0683 | 0.250000 | NO          | 1.102195  | 
287   | 15       | 1072.49733 | 1071.3385 | 1154.0000 | 1397.0 | 0.0569 | 0.250000 | NO          | 1.103585  | 
288   | 16       | 1072.49733 | 1067.9959 | 1091.0000 | 1397.0 | 0.0548 | 0.250000 | NO          | 1.104967  | 
289   | 17       | 1072.49733 | 1067.9318 | 1104.0000 | 1397.0 | 0.0722 | 0.250000 | NO          | 1.106338  | 
290   | 18       | 1072.49733 | 1069.9891 | 1104.0000 | 1397.0 | 0.0502 | 0.250000 | NO          | 1.107718  | 
291   | 19       | 1072.49733 | 1065.8227 | 1179.0000 | 1397.0 | 0.0707 | 0.250000 | NO          | 1.109110  | 
292   | 0        | 1073.67295 | 1073.6729 | 1091.0000 | 1397.0 | 0.0561 | 0.250000 | NO          | 1.110469  | 
293   | 1        | 1073.67295 | 1068.0649 | 1055.0000 | 1397.0 | 0.0761 | 0.250000 | NO          | 1.111811  | 
294   | 2        | 1073.67295 | 1068.9565 | 1105.0000 | 1397.0 | 0.0587 | 0.250000 | NO          | 1.113134  | 
295   | 3        | 1073.67295 | 1071.3576 | 1071.0000 | 1397.0 | 0.0676 | 0.250000 | NO          | 1.114497  | 
296   | 4        | 1073.67295 | 1066.8318 | 1130.0000 | 1397.0 | 0.0798 | 0.250000 | NO          | 1.115851  | 
297   | 5        | 1073.67295 | 1068.7733 | 1064.0000 | 1397.0 | 0.0743 | 0.250000 | NO          | 1.117210  | 
298   | 6        | 1073.67295 | 1069.6958 | 1134.0000 | 1397.0 | 0.0654 | 0.250000 | NO          | 1.118561  | 
299   | 7        | 1073.67295 | 1070.1883 | 1137.0000 | 1397.0 | 0.0683 | 0.250000 | NO          | 1.119935  | 
300   | 8        | 1073.67295 | 1071.9138 | 981.00000 | 1397.0 | 0.0743 | 0.250000 | NO          | 1.154171  | 
301   | 9        | 1073.67295 | 1071.0080 | 1079.0000 | 1397.0 | 0.0723 | 0.250000 | NO          | 1.155882  | 
302   | 10       | 1073.67295 | 1066.3854 | 1197.0000 | 1397.0 | 0.0856 | 0.250000 | NO          | 1.158004  | 
303   | 11       | 1073.67295 | 1069.7603 | 1101.0000 | 1397.0 | 0.0634 | 0.250000 | NO          | 1.160150  | 
304   | 12       | 1073.67295 | 1068.8584 | 1105.0000 | 1397.0 | 0.0726 | 0.250000 | NO          | 1.162007  | 
305   | 13       | 1073.67295 | 1068.5593 | 1082.0000 | 1397.0 | 0.0666 | 0.250000 | NO          | 1.164054  | 
306   | 14       | 1073.67295 | 1069.8710 | 1096.0000 | 1397.0 | 0.0742 | 0.250000 | NO          | 1.165842  | 
307   | 15       | 1073.67295 | 1065.7026 | 1178.0000 | 1397.0 | 0.0633 | 0.250000 | NO          | 1.167369  | 
308   | 16       | 1073.67295 | 1067.9727 | 1048.0000 | 1397.0 | 0.0605 | 0.250000 | NO          | 1.168796  | 
309   | 17       | 1073.67295 | 1068.7197 | 1128.0000 | 1397.0 | 0.0584 | 0.250000 | NO          | 1.170170  | 
310   | 18       | 1073.67295 | 1068.5784 | 1156.0000 | 1397.0 | 0.0684 | 0.250000 | NO          | 1.171542  | 
311   | 19       | 1073.67295 | 1068.9896 | 1147.0000 | 1397.0 | 0.0518 | 0.250000 | NO          | 1.172888  | 
312   | 20       | 1073.67295 | 1069.0559 | 991.00000 | 1397.0 | 0.0782 | 0.250000 | NO          | 1.174229  | 
313   | 21       | 1073.67295 | 1071.4930 | 1142.0000 | 1397.0 | 0.0752 | 0.250000 | NO          | 1.175573  | 
314   | 22       | 1073.67295 | 1069.5442 | 1125.0000 | 1397.0 | 0.0713 | 0.250000 | NO          | 1.176916  | 
315   | 23       | 1073.67295 | 1067.2731 | 1094.0000 | 1397.0 | 0.0659 | 0.250000 | NO          | 1.178241  | 
316   | 24       | 1073.67295 | 1070.8475 | 1129.0000 | 1397.0 | 0.0643 | 0.250000 | NO          | 1.179598  | 
317   | 25       | 1073.67295 | 1070.1748 | 1084.0000 | 1397.0 | 0.0670 | 0.250000 | NO          | 1.180955  | 
318   | 26       | 1073.67295 | 1066.3870 | 1049.0000 | 1397.0 | 0.0725 | 0.250000 | NO          | 1.182335  | 
319   | 27       | 1073.67295 | 1071.1759 | 1125.0000 | 1397.0 | 0.0613 | 0.250000 | NO          | 1.183683  | 
320   | 28       | 1073.67295 | 1066.5205 | 1184.0000 | 1397.0 | 0.0749 | 0.250000 | NO          | 1.184997  | 
321   | 29       | 1073.67295 | 1072.0589 | 1159.0000 | 1397.0 | 0.0549 | 0.250000 | NO          | 1.186305  | 
322   | 30       | 1073.67295 | 1069.8003 | 1093.0000 | 1397.0 | 0.0514 | 0.250000 | NO          | 1.187616  | 
323   | 0        | 1076.40069 | 1076.4006 | 1089.0000 | 1397.0 | 0.0399 | 0.125000 | NO          | 1.188921  | 
324   | 0        | 1078.50876 | 1078.5087 | 1148.0000 | 1397.0 | 0.0360 | 0.125000 | NO          | 1.190235  | 
325   | 0        | 1080.40531 | 1080.4053 | 1134.0000 | 1397.0 | 0.0306 | 0.125000 | NO          | 1.191544  | 
326   | 0        | 1083.17647 | 1083.1764 | 1084.0000 | 1397.0 | 0.0327 | 0.125000 | NO          | 1.192855  | 
327   | 0        | 1083.95486 | 1083.9548 | 1088.0000 | 1397.0 | 0.0374 | 0.125000 | NO          | 1.194160  | 
328   | 0        | 1084.58256 | 1084.5825 | 1100.0000 | 1397.0 | 0.0388 | 0.125000 | NO          | 1.195479  | 
329   | 1        | 1084.58256 | 1084.0726 | 1119.0000 | 1397.0 | 0.0334 | 0.125000 | NO          | 1.196791  | 
330   | 2        | 1084.58256 | 1083.7178 | 1130.0000 | 1397.0 | 0.0357 | 0.125000 | NO          | 1.206612  | 
331   | 0        | 1084.99880 | 1084.9988 | 1031.0000 | 1397.0 | 0.0304 | 0.125000 | NO          | 1.208126  | 
332   | 1        | 1084.99880 | 1083.7165 | 1118.0000 | 1397.0 | 0.0445 | 0.125000 | NO          | 1.209524  | 
333   | 0        | 1085.30020 | 1085.3002 | 1102.0000 | 1397.0 | 0.0317 | 0.125000 | NO          | 1.210905  | 
334   | 0        | 1085.98112 | 1085.9811 | 1152.0000 | 1397.0 | 0.0390 | 0.125000 | NO          | 1.212262  | 
335   | 0        | 1086.70134 | 1086.7013 | 1106.0000 | 1397.0 | 0.0363 | 0.125000 | NO          | 1.213636  | 
336   | 1        | 1086.70134 | 1085.0918 | 1154.0000 | 1397.0 | 0.0408 | 0.125000 | NO          | 1.214984  | 
337   | 2        | 1086.70134 | 1084.7768 | 1021.0000 | 1397.0 | 0.0274 | 0.125000 | NO          | 1.216291  | 
338   | 3        | 1086.70134 | 1083.8931 | 1162.0000 | 1397.0 | 0.0378 | 0.125000 | NO          | 1.217608  | 
339   | 4        | 1086.70134 | 1086.2840 | 1192.0000 | 1397.0 | 0.0370 | 0.125000 | NO          | 1.218921  | 
340   | 5        | 1086.70134 | 1085.2814 | 1103.0000 | 1397.0 | 0.0272 | 0.125000 | NO          | 1.220229  | 
341   | 6        | 1086.70134 | 1086.6144 | 1025.0000 | 1397.0 | 0.0266 | 0.125000 | NO          | 1.221567  | 
342   | 7        | 1086.70134 | 1083.8726 | 1080.0000 | 1397.0 | 0.0412 | 0.125000 | NO          | 1.222919  | 
343   | 8        | 1086.70134 | 1086.2998 | 1165.0000 | 1397.0 | 0.0339 | 0.125000 | NO          | 1.224244  | 
344   | 9        | 1086.70134 | 1084.7886 | 1098.0000 | 1397.0 | 0.0342 | 0.125000 | NO          | 1.225592  | 
345   | 0        | 1087.52875 | 1087.5287 | 1110.0000 | 1397.0 | 0.0338 | 0.125000 | NO          | 1.226927  | 
346   | 1        | 1087.52875 | 1082.5547 | 1106.0000 | 1397.0 | 0.0446 | 0.125000 | NO          | 1.228222  | 
347   | 2        | 1087.52875 | 1084.9933 | 1123.0000 | 1397.0 | 0.0322 | 0.125000 | NO          | 1.229552  | 
348   | 3        | 1087.52875 | 1086.6640 | 1054.0000 | 1397.0 | 0.0317 | 0.125000 | NO          | 1.230869  | 
349   | 4        | 1087.52875 | 1086.9801 | 1090.0000 | 1397.0 | 0.0320 | 0.125000 | NO          | 1.232178  | 
350   | 5        | 1087.52875 | 1083.9759 | 1090.0000 | 1397.0 | 0.0378 | 0.125000 | NO          | 1.233495  | 
351   | 6        | 1087.52875 | 1086.8548 | 1123.0000 | 1397.0 | 0.0371 | 0.125000 | NO          | 1.234804  | 
352   | 7        | 1087.52875 | 1085.1939 | 1142.0000 | 1397.0 | 0.0406 | 0.125000 | NO          | 1.236109  | 
353   | 0        | 1088.02991 | 1088.0299 | 1078.0000 | 1397.0 | 0.0304 | 0.125000 | NO          | 1.237421  | 
354   | 1        | 1088.02991 | 1086.2140 | 1122.0000 | 1397.0 | 0.0468 | 0.125000 | NO          | 1.238745  | 
355   | 2        | 1088.02991 | 1085.5003 | 1187.0000 | 1397.0 | 0.0314 | 0.125000 | NO          | 1.240043  | 
356   | 0        | 1088.39256 | 1088.3925 | 1045.0000 | 1397.0 | 0.0260 | 0.125000 | NO          | 1.241357  | 
357   | 1        | 1088.39256 | 1085.2807 | 1160.0000 | 1397.0 | 0.0433 | 0.125000 | NO          | 1.242668  | 
358   | 2        | 1088.39256 | 1084.1604 | 1067.0000 | 1397.0 | 0.0345 | 0.125000 | NO          | 1.243976  | 
359   | 3        | 1088.39256 | 1085.5336 | 1095.0000 | 1397.0 | 0.0341 | 0.125000 | NO          | 1.245280  | 
360   | 4        | 1088.39256 | 1086.0890 | 1140.0000 | 1397.0 | 0.0339 | 0.125000 | NO          | 1.257380  | 
361   | 5        | 1088.39256 | 1085.3644 | 1109.0000 | 1397.0 | 0.0286 | 0.125000 | NO          | 1.259281  | 
362   | 6        | 1088.39256 | 1086.0364 | 1111.0000 | 1397.0 | 0.0352 | 0.125000 | NO          | 1.260826  | 
363   | 7        | 1088.39256 | 1084.6999 | 1133.0000 | 1397.0 | 0.0370 | 0.125000 | NO          | 1.262273  | 
364   | 8        | 1088.39256 | 1086.4888 | 1113.0000 | 1397.0 | 0.0366 | 0.125000 | NO          | 1.263625  | 
365   | 9        | 1088.39256 | 1086.3063 | 1045.0000 | 1397.0 | 0.0307 | 0.125000 | NO          | 1.264929  | 
366   | 10       | 1088.39256 | 1083.9737 | 1078.0000 | 1397.0 | 0.0335 | 0.125000 | NO          | 1.266253  | 
367   | 11       | 1088.39256 | 1085.6496 | 1138.0000 | 1397.0 | 0.0355 | 0.125000 | NO          | 1.267577  | 
368   | 12       | 1088.39256 | 1086.9579 | 1127.0000 | 1397.0 | 0.0310 | 0.125000 | NO          | 1.268872  | 
369   | 13       | 1088.39256 | 1086.8137 | 1078.0000 | 1397.0 | 0.0358 | 0.125000 | NO          | 1.270152  | 
370   | 14       | 1088.39256 | 1084.5915 | 1099.0000 | 1397.0 | 0.0345 | 0.125000 | NO          | 1.271441  | 
371   | 15       | 1088.39256 | 1087.0011 | 1108.0000 | 1397.0 | 0.0318 | 0.125000 | NO          | 1.272723  | 
372   | 16       | 1088.39256 | 1086.8276 | 1070.0000 | 1397.0 | 0.0384 | 0.125000 | NO          | 1.274012  | 
373   | 17       | 1088.39256 | 1084.7631 | 1099.0000 | 1397.0 | 0.0382 | 0.125000 | NO          | 1.275301  | 
374   | 18       | 1088.39256 | 1083.5742 | 1120.0000 | 1397.0 | 0.0360 | 0.125000 | NO          | 1.276606  | 
375   | 19       | 1088.39256 | 1086.1726 | 1125.0000 | 1397.0 | 0.0329 | 0.125000 | NO          | 1.277946  | 
376   | 20       | 1088.39256 | 1087.0028 | 1127.0000 | 1397.0 | 0.0309 | 0.125000 | NO          | 1.279245  | 
377   | 21       | 1088.39256 | 1086.9942 | 1071.0000 | 1397.0 | 0.0354 | 0.125000 | NO          | 1.280559  | 
378   | 22       | 1088.39256 | 1084.1204 | 1108.0000 | 1397.0 | 0.0400 | 0.125000 | NO          | 1.281856  | 
379   | 23       | 1088.39256 | 1086.4718 | 1105.0000 | 1397.0 | 0.0265 | 0.125000 | NO          | 1.283160  | 
380   | 24       | 1088.39256 | 1085.1652 | 1011.0000 | 1397.0 | 0.0409 | 0.125000 | NO          | 1.284454  | 
381   | 25       | 1088.39256 | 1087.3480 | 1148.0000 | 1397.0 | 0.0380 | 0.125000 | NO          | 1.285745  | 
382   | 26       | 1088.39256 | 1086.7196 | 1039.0000 | 1397.0 | 0.0387 | 0.125000 | NO          | 1.287035  | 
383   | 27       | 1088.39256 | 1087.6240 | 1164.0000 | 1397.0 | 0.0418 | 0.125000 | NO          | 1.288306  | 
384   | 28       | 1088.39256 | 1087.2651 | 1055.0000 | 1397.0 | 0.0306 | 0.125000 | NO          | 1.289598  | 
385   | 29       | 1088.39256 | 1084.1649 | 1149.0000 | 1397.0 | 0.0347 | 0.125000 | NO          | 1.290876  | 
386   | 30       | 1088.39256 | 1086.9133 | 1072.0000 | 1397.0 | 0.0338 | 0.125000 | NO          | 1.292174  | 
387   | 0        | 1090.96052 | 1090.9605 | 1123.0000 | 1397.0 | 0.0175 | 0.062500 | NO          | 1.293497  | 
388   | 0        | 1091.86466 | 1091.8646 | 1100.0000 | 1397.0 | 0.0223 | 0.062500 | NO          | 1.294790  | 
389   | 0        | 1093.97503 | 1093.9750 | 1165.0000 | 1397.0 | 0.0160 | 0.062500 | NO          | 1.296084  | 
390   | 1        | 1093.97503 | 1092.4067 | 1110.0000 | 1397.0 | 0.0215 | 0.062500 | NO          | 1.332392  | 
391   | 2        | 1093.97503 | 1093.2991 | 1092.0000 | 1397.0 | 0.0188 | 0.062500 | NO          | 1.333955  | 
392   | 3        | 1093.97503 | 1093.4610 | 1059.0000 | 1397.0 | 0.0176 | 0.062500 | NO          | 1.335504  | 
393   | 4        | 1093.97503 | 1092.8689 | 1106.0000 | 1397.0 | 0.0204 | 0.062500 | NO          | 1.337146  | 
394   | 5        | 1093.97503 | 1093.2565 | 1161.0000 | 1397.0 | 0.0163 | 0.062500 | NO          | 1.339069  | 
395   | 6        | 1093.97503 | 1093.3094 | 1125.0000 | 1397.0 | 0.0201 | 0.062500 | NO          | 1.341013  | 
396   | 7        | 1093.97503 | 1092.8733 | 1052.0000 | 1397.0 | 0.0187 | 0.062500 | NO          | 1.343037  | 
397   | 8        | 1093.97503 | 1093.2360 | 1110.0000 | 1397.0 | 0.0190 | 0.062500 | NO          | 1.344596  | 
398   | 9        | 1093.97503 | 1093.3722 | 1120.0000 | 1397.0 | 0.0196 | 0.062500 | NO          | 1.346080  | 
399   | 0        | 1094.15293 | 1094.1529 | 1093.0000 | 1397.0 | 0.0153 | 0.062500 | NO          | 1.347535  | 
400   | 1        | 1094.15293 | 1093.3065 | 1070.0000 | 1397.0 | 0.0181 | 0.062500 | NO          | 1.348993  | 
401   | 2        | 1094.15293 | 1093.5750 | 1050.0000 | 1397.0 | 0.0218 | 0.062500 | NO          | 1.350410  | 
402   | 3        | 1094.15293 | 1092.8085 | 1134.0000 | 1397.0 | 0.0161 | 0.062500 | NO          | 1.351767  | 
403   | 4        | 1094.15293 | 1093.5206 | 1139.0000 | 1397.0 | 0.0189 | 0.062500 | NO          | 1.353123  | 
404   | 0        | 1094.39315 | 1094.3931 | 1080.0000 | 1397.0 | 0.0141 | 0.062500 | NO          | 1.354531  | 
405   | 1        | 1094.39315 | 1092.7754 | 1043.0000 | 1397.0 | 0.0168 | 0.062500 | NO          | 1.355922  | 
406   | 2        | 1094.39315 | 1092.9954 | 1184.0000 | 1397.0 | 0.0212 | 0.062500 | NO          | 1.357290  | 
407   | 3        | 1094.39315 | 1093.1438 | 1135.0000 | 1397.0 | 0.0165 | 0.062500 | NO          | 1.358618  | 
408   | 4        | 1094.39315 | 1093.0965 | 1070.0000 | 1397.0 | 0.0206 | 0.062500 | NO          | 1.359925  | 
409   | 5        | 1094.39315 | 1094.3899 | 1112.0000 | 1397.0 | 0.0171 | 0.062500 | NO          | 1.361252  | 
410   | 6        | 1094.39315 | 1093.7288 | 1067.0000 | 1397.0 | 0.0208 | 0.062500 | NO          | 1.362615  | 
411   | 7        | 1094.39315 | 1092.6106 | 1113.0000 | 1397.0 | 0.0166 | 0.062500 | NO          | 1.363949  | 
412   | 8        | 1094.39315 | 1093.6206 | 1062.0000 | 1397.0 | 0.0197 | 0.062500 | NO          | 1.365357  | 
413   | 9        | 1094.39315 | 1093.6954 | 1110.0000 | 1397.0 | 0.0190 | 0.062500 | NO          | 1.366692  | 
414   | 10       | 1094.39315 | 1093.1958 | 1143.0000 | 1397.0 | 0.0173 | 0.062500 | NO          | 1.368033  | 
415   | 11       | 1094.39315 | 1093.2794 | 1104.0000 | 1397.0 | 0.0171 | 0.062500 | NO          | 1.369298  | 
416   | 12       | 1094.39315 | 1093.6128 | 1060.0000 | 1397.0 | 0.0179 | 0.062500 | NO          | 1.370589  | 
417   | 13       | 1094.39315 | 1094.0371 | 1100.0000 | 1397.0 | 0.0201 | 0.062500 | NO          | 1.371873  | 
418   | 14       | 1094.39315 | 1093.1666 | 1118.0000 | 1397.0 | 0.0185 | 0.062500 | NO          | 1.373196  | 
419   | 15       | 1094.39315 | 1094.0328 | 1054.0000 | 1397.0 | 0.0204 | 0.062500 | NO          | 1.374550  | 
420   | 16       | 1094.39315 | 1093.8622 | 1088.0000 | 1397.0 | 0.0207 | 0.062500 | NO          | 1.386886  | 
421   | 17       | 1094.39315 | 1093.2441 | 1065.0000 | 1397.0 | 0.0201 | 0.062500 | NO          | 1.388378  | 
422   | 18       | 1094.39315 | 1093.5993 | 1205.0000 | 1397.0 | 0.0194 | 0.062500 | NO          | 1.389780  | 
423   | 19       | 1094.39315 | 1094.3629 | 1064.0000 | 1397.0 | 0.0154 | 0.062500 | NO          | 1.391144  | 
424   | 20       | 1094.39315 | 1093.1805 | 1162.0000 | 1397.0 | 0.0204 | 0.062500 | NO          | 1.392527  | 
425   | 21       | 1094.39315 | 1093.7278 | 1079.0000 | 1397.0 | 0.0149 | 0.062500 | NO          | 1.393883  | 
426   | 22       | 1094.39315 | 1092.6138 | 1178.0000 | 1397.0 | 0.0200 | 0.062500 | NO          | 1.395203  | 
427   | 23       | 1094.39315 | 1093.8177 | 1066.0000 | 1397.0 | 0.0195 | 0.062500 | NO          | 1.396535  | 
428   | 24       | 1094.39315 | 1094.3716 | 1051.0000 | 1397.0 | 0.0164 | 0.062500 | NO          | 1.397842  | 
429   | 25       | 1094.39315 | 1093.4300 | 1080.0000 | 1397.0 | 0.0179 | 0.062500 | NO          | 1.399158  | 
430   | 26       | 1094.39315 | 1093.6121 | 1179.0000 | 1397.0 | 0.0144 | 0.062500 | NO          | 1.400489  | 
431   | 0        | 1094.53942 | 1094.5394 | 1083.0000 | 1397.0 | 0.0180 | 0.062500 | NO          | 1.401926  | 
432   | 1        | 1094.53942 | 1092.4229 | 1087.0000 | 1397.0 | 0.0193 | 0.062500 | NO          | 1.403494  | 
433   | 2        | 1094.53942 | 1093.4980 | 1018.0000 | 1397.0 | 0.0172 | 0.062500 | NO          | 1.405039  | 
434   | 3        | 1094.53942 | 1093.6474 | 1086.0000 | 1397.0 | 0.0193 | 0.062500 | NO          | 1.406744  | 
435   | 4        | 1094.53942 | 1093.8099 | 1084.0000 | 1397.0 | 0.0217 | 0.062500 | NO          | 1.408621  | 
436   | 5        | 1094.53942 | 1093.6840 | 1178.0000 | 1397.0 | 0.0153 | 0.062500 | NO          | 1.410860  | 
437   | 6        | 1094.53942 | 1093.7100 | 1068.0000 | 1397.0 | 0.0189 | 0.062500 | NO          | 1.412885  | 
438   | 7        | 1094.53942 | 1093.9456 | 1090.0000 | 1397.0 | 0.0167 | 0.062500 | NO          | 1.414502  | 
439   | 8        | 1094.53942 | 1093.1874 | 1128.0000 | 1397.0 | 0.0174 | 0.062500 | NO          | 1.416148  | 
440   | 9        | 1094.53942 | 1094.0350 | 1080.0000 | 1397.0 | 0.0169 | 0.062500 | NO          | 1.417743  | 
441   | 10       | 1094.53942 | 1092.5648 | 1099.0000 | 1397.0 | 0.0196 | 0.062500 | NO          | 1.419259  | 
442   | 11       | 1094.53942 | 1094.3549 | 1134.0000 | 1397.0 | 0.0175 | 0.062500 | NO          | 1.420737  | 
443   | 12       | 1094.53942 | 1093.4076 | 1107.0000 | 1397.0 | 0.0169 | 0.062500 | NO          | 1.422213  | 
444   | 13       | 1094.53942 | 1093.9923 | 1064.0000 | 1397.0 | 0.0187 | 0.062500 | NO          | 1.423650  | 
445   | 14       | 1094.53942 | 1093.7117 | 1133.0000 | 1397.0 | 0.0173 | 0.062500 | NO          | 1.425606  | 
446   | 15       | 1094.53942 | 1094.0053 | 1064.0000 | 1397.0 | 0.0185 | 0.062500 | NO          | 1.427922  | 
447   | 16       | 1094.53942 | 1093.3736 | 1070.0000 | 1397.0 | 0.0182 | 0.062500 | NO          | 1.430106  | 
448   | 17       | 1094.53942 | 1093.0255 | 1163.0000 | 1397.0 | 0.0220 | 0.062500 | NO          | 1.432047  | 
449   | 18       | 1094.53942 | 1094.2448 | 1115.0000 | 1397.0 | 0.0142 | 0.062500 | NO          | 1.434605  | 
450   | 19       | 1094.53942 | 1094.0173 | 1123.0000 | 1397.0 | 0.0190 | 0.062500 | NO          | 1.453128  | 
451   | 20       | 1094.53942 | 1093.5546 | 1114.0000 | 1397.0 | 0.0170 | 0.062500 | NO          | 1.454710  | 
452   | 21       | 1094.53942 | 1093.4226 | 1102.0000 | 1397.0 | 0.0167 | 0.062500 | NO          | 1.456797  | 
453   | 22       | 1094.53942 | 1093.1067 | 1091.0000 | 1397.0 | 0.0178 | 0.062500 | NO          | 1.459373  | 
454   | 23       | 1094.53942 | 1093.7095 | 1105.0000 | 1397.0 | 0.0174 | 0.062500 | NO          | 1.461649  | 
455   | 24       | 1094.53942 | 1094.2099 | 1050.0000 | 1397.0 | 0.0168 | 0.062500 | NO          | 1.463805  | 
456   | 25       | 1094.53942 | 1093.0912 | 1134.0000 | 1397.0 | 0.0190 | 0.062500 | NO          | 1.465942  | 
457   | 26       | 1094.53942 | 1093.5410 | 1091.0000 | 1397.0 | 0.0181 | 0.062500 | NO          | 1.468115  | 
458   | 27       | 1094.53942 | 1093.8920 | 1169.0000 | 1397.0 | 0.0172 | 0.062500 | NO          | 1.470218  | 
459   | 0        | 1094.66443 | 1094.6644 | 1051.0000 | 1397.0 | 0.0160 | 0.062500 | NO          | 1.472241  | 
460   | 1        | 1094.66443 | 1092.6426 | 1095.0000 | 1397.0 | 0.0188 | 0.062500 | NO          | 1.474611  | 
461   | 2        | 1094.66443 | 1094.4377 | 1140.0000 | 1397.0 | 0.0172 | 0.062500 | NO          | 1.476883  | 
462   | 3        | 1094.66443 | 1093.1040 | 1061.0000 | 1397.0 | 0.0188 | 0.062500 | NO          | 1.479083  | 
463   | 4        | 1094.66443 | 1092.9666 | 1099.0000 | 1397.0 | 0.0158 | 0.062500 | NO          | 1.481206  | 
464   | 5        | 1094.66443 | 1093.8275 | 1076.0000 | 1397.0 | 0.0189 | 0.062500 | NO          | 1.483373  | 
465   | 6        | 1094.66443 | 1093.9782 | 1137.0000 | 1397.0 | 0.0174 | 0.062500 | NO          | 1.485561  | 
466   | 7        | 1094.66443 | 1093.3547 | 1081.0000 | 1397.0 | 0.0181 | 0.062500 | NO          | 1.487658  | 
467   | 8        | 1094.66443 | 1093.5498 | 1111.0000 | 1397.0 | 0.0155 | 0.062500 | NO          | 1.489965  | 
468   | 9        | 1094.66443 | 1094.2297 | 1088.0000 | 1397.0 | 0.0175 | 0.062500 | NO          | 1.492220  | 
469   | 10       | 1094.66443 | 1094.3382 | 1143.0000 | 1397.0 | 0.0174 | 0.062500 | NO          | 1.494347  | 
470   | 11       | 1094.66443 | 1093.0657 | 1041.0000 | 1397.0 | 0.0210 | 0.062500 | NO          | 1.496410  | 
471   | 12       | 1094.66443 | 1093.3608 | 1129.0000 | 1397.0 | 0.0178 | 0.062500 | NO          | 1.498514  | 
472   | 13       | 1094.66443 | 1094.0442 | 1071.0000 | 1397.0 | 0.0164 | 0.062500 | NO          | 1.500710  | 
473   | 14       | 1094.66443 | 1094.2103 | 1036.0000 | 1397.0 | 0.0193 | 0.062500 | NO          | 1.502832  | 
474   | 15       | 1094.66443 | 1093.0113 | 1179.0000 | 1397.0 | 0.0190 | 0.062500 | NO          | 1.505065  | 
475   | 16       | 1094.66443 | 1094.0648 | 1096.0000 | 1397.0 | 0.0168 | 0.062500 | NO          | 1.507031  | 
476   | 17       | 1094.66443 | 1094.5506 | 1128.0000 | 1397.0 | 0.0171 | 0.062500 | NO          | 1.508619  | 
477   | 18       | 1094.66443 | 1094.5609 | 1045.0000 | 1397.0 | 0.0211 | 0.062500 | NO          | 1.510102  | 
478   | 19       | 1094.66443 | 1092.8379 | 1138.0000 | 1397.0 | 0.0211 | 0.062500 | NO          | 1.511521  | 
479   | 20       | 1094.66443 | 1093.8660 | 1044.0000 | 1397.0 | 0.0181 | 0.062500 | NO          | 1.512919  | 
480   | 21       | 1094.66443 | 1093.8127 | 1128.0000 | 1397.0 | 0.0161 | 0.062500 | NO          | 1.554688  | 
481   | 22       | 1094.66443 | 1094.2007 | 1013.0000 | 1397.0 | 0.0185 | 0.062500 | NO          | 1.556389  | 
482   | 23       | 1094.66443 | 1093.6557 | 1137.0000 | 1397.0 | 0.0183 | 0.062500 | NO          | 1.557947  | 
483   | 24       | 1094.66443 | 1094.3520 | 1137.0000 | 1397.0 | 0.0199 | 0.062500 | NO          | 1.559515  | 
484   | 25       | 1094.66443 | 1094.1872 | 1078.0000 | 1397.0 | 0.0179 | 0.062500 | NO          | 1.561103  | 
485   | 26       | 1094.66443 | 1093.5272 | 1055.0000 | 1397.0 | 0.0156 | 0.062500 | NO          | 1.562648  | 
486   | 27       | 1094.66443 | 1093.2481 | 1108.0000 | 1397.0 | 0.0153 | 0.062500 | NO          | 1.564111  | 
487   | 28       | 1094.66443 | 1094.2446 | 1162.0000 | 1397.0 | 0.0144 | 0.062500 | NO          | 1.565640  | 
488   | 29       | 1094.66443 | 1093.9895 | 1125.0000 | 1397.0 | 0.0168 | 0.062500 | NO          | 1.567474  | 
489   | 30       | 1094.66443 | 1093.4230 | 1098.0000 | 1397.0 | 0.0178 | 0.062500 | NO          | 1.569189  | 
490   | 0        | 1095.30101 | 1095.3010 | 1047.0000 | 1397.0 | 0.0096 | 0.031250 | NO          | 1.571115  | 
491   | 0        | 1096.51514 | 1096.5151 | 1085.0000 | 1397.0 | 0.0093 | 0.031250 | NO          | 1.573246  | 
492   | 0        | 1097.14251 | 1097.1425 | 1147.0000 | 1397.0 | 0.0095 | 0.031250 | NO          | 1.574854  | 
493   | 0        | 1097.59125 | 1097.5912 | 1072.0000 | 1397.0 | 0.0086 | 0.031250 | NO          | 1.576391  | 
494   | 1        | 1097.59125 | 1096.8498 | 1103.0000 | 1397.0 | 0.0102 | 0.031250 | NO          | 1.577843  | 
495   | 2        | 1097.59125 | 1096.9543 | 1114.0000 | 1397.0 | 0.0111 | 0.031250 | NO          | 1.579301  | 
496   | 3        | 1097.59125 | 1097.3921 | 1107.0000 | 1397.0 | 0.0098 | 0.031250 | NO          | 1.580736  | 
497   | 0        | 1097.64995 | 1097.6499 | 1097.0000 | 1397.0 | 0.0107 | 0.031250 | NO          | 1.582240  | 
498   | 1        | 1097.64995 | 1097.1391 | 1132.0000 | 1397.0 | 0.0099 | 0.031250 | NO          | 1.583748  | 
499   | 2        | 1097.64995 | 1096.6769 | 1071.0000 | 1397.0 | 0.0105 | 0.031250 | NO          | 1.585190  | 
500   | 3        | 1097.64995 | 1097.6197 | 1126.0000 | 1397.0 | 0.0101 | 0.031250 | NO          | 1.586852  | 
501   | 4        | 1097.64995 | 1097.6003 | 1170.0000 | 1397.0 | 0.0089 | 0.031250 | NO          | 1.588522  | 
502   | 5        | 1097.64995 | 1097.5500 | 1055.0000 | 1397.0 | 0.0105 | 0.031250 | NO          | 1.590057  | 
503   | 6        | 1097.64995 | 1097.0081 | 1152.0000 | 1397.0 | 0.0103 | 0.031250 | NO          | 1.591483  | 
504   | 7        | 1097.64995 | 1097.3665 | 1044.0000 | 1397.0 | 0.0112 | 0.031250 | NO          | 1.592882  | 
505   | 8        | 1097.64995 | 1097.4358 | 1086.0000 | 1397.0 | 0.0090 | 0.031250 | NO          | 1.594239  | 
506   | 9        | 1097.64995 | 1097.1455 | 1143.0000 | 1397.0 | 0.0088 | 0.031250 | NO          | 1.595628  | 
507   | 10       | 1097.64995 | 1097.3286 | 1074.0000 | 1397.0 | 0.0101 | 0.031250 | NO          | 1.597021  | 
508   | 11       | 1097.64995 | 1097.3249 | 1064.0000 | 1397.0 | 0.0099 | 0.031250 | NO          | 1.598513  | 
509   | 0        | 1097.86898 | 1097.8689 | 1145.0000 | 1397.0 | 0.0103 | 0.031250 | NO          | 1.600020  | 
510   | 1        | 1097.86898 | 1097.4118 | 1090.0000 | 1397.0 | 0.0106 | 0.031250 | NO          | 1.611180  | 
511   | 2        | 1097.86898 | 1097.0969 | 1086.0000 | 1397.0 | 0.0106 | 0.031250 | NO          | 1.612782  | 
512   | 3        | 1097.86898 | 1097.0968 | 1115.0000 | 1397.0 | 0.0077 | 0.031250 | NO          | 1.614371  | 
513   | 4        | 1097.86898 | 1097.8377 | 1082.0000 | 1397.0 | 0.0089 | 0.031250 | NO          | 1.615984  | 
514   | 5        | 1097.86898 | 1097.4236 | 1080.0000 | 1397.0 | 0.0094 | 0.031250 | NO          | 1.617563  | 
515   | 6        | 1097.86898 | 1097.3017 | 1150.0000 | 1397.0 | 0.0103 | 0.031250 | NO          | 1.619180  | 
516   | 7        | 1097.86898 | 1097.1984 | 1059.0000 | 1397.0 | 0.0092 | 0.031250 | NO          | 1.620898  | 
517   | 8        | 1097.86898 | 1097.4228 | 1088.0000 | 1397.0 | 0.0091 | 0.031250 | NO          | 1.622511  | 
518   | 9        | 1097.86898 | 1097.6053 | 1136.0000 | 1397.0 | 0.0096 | 0.031250 | NO          | 1.623952  | 
519   | 10       | 1097.86898 | 1097.0452 | 1135.0000 | 1397.0 | 0.0107 | 0.031250 | NO          | 1.625363  | 
520   | 11       | 1097.86898 | 1097.2823 | 1064.0000 | 1397.0 | 0.0089 | 0.031250 | NO          | 1.626786  | 
521   | 12       | 1097.86898 | 1097.6845 | 1121.0000 | 1397.0 | 0.0092 | 0.031250 | NO          | 1.628169  | 
522   | 13       | 1097.86898 | 1097.5565 | 1116.0000 | 1397.0 | 0.0085 | 0.031250 | NO          | 1.629550  | 
523   | 14       | 1097.86898 | 1096.8526 | 1104.0000 | 1397.0 | 0.0092 | 0.031250 | NO          | 1.630940  | 
524   | 15       | 1097.86898 | 1097.4939 | 1055.0000 | 1397.0 | 0.0088 | 0.031250 | NO          | 1.632410  | 
525   | 16       | 1097.86898 | 1097.5971 | 1140.0000 | 1397.0 | 0.0081 | 0.031250 | NO          | 1.633945  | 
526   | 17       | 1097.86898 | 1097.3526 | 1050.0000 | 1397.0 | 0.0113 | 0.031250 | NO          | 1.635735  | 
527   | 18       | 1097.86898 | 1097.4188 | 1121.0000 | 1397.0 | 0.0112 | 0.031250 | NO          | 1.637308  | 
528   | 19       | 1097.86898 | 1097.0713 | 1108.0000 | 1397.0 | 0.0080 | 0.031250 | NO          | 1.638798  | 
529   | 20       | 1097.86898 | 1097.8262 | 1070.0000 | 1397.0 | 0.0090 | 0.031250 | NO          | 1.640189  | 
530   | 21       | 1097.86898 | 1097.2619 | 1099.0000 | 1397.0 | 0.0093 | 0.031250 | NO          | 1.641564  | 
531   | 22       | 1097.86898 | 1097.3014 | 1163.0000 | 1397.0 | 0.0075 | 0.031250 | NO          | 1.642927  | 
532   | 23       | 1097.86898 | 1096.9857 | 1069.0000 | 1397.0 | 0.0095 | 0.031250 | NO          | 1.644296  | 
533   | 24       | 1097.86898 | 1097.7143 | 1116.0000 | 1397.0 | 0.0078 | 0.031250 | NO          | 1.645671  | 
534   | 25       | 1097.86898 | 1097.5096 | 1079.0000 | 1397.0 | 0.0079 | 0.031250 | NO          | 1.647029  | 
535   | 26       | 1097.86898 | 1097.0044 | 1114.0000 | 1397.0 | 0.0093 | 0.031250 | NO          | 1.648478  | 
536   | 27       | 1097.86898 | 1097.5836 | 1156.0000 | 1397.0 | 0.0086 | 0.031250 | NO          | 1.650044  | 
537   | 28       | 1097.86898 | 1097.5686 | 1093.0000 | 1397.0 | 0.0091 | 0.031250 | NO          | 1.651823  | 
538   | 29       | 1097.86898 | 1097.4226 | 1065.0000 | 1397.0 | 0.0105 | 0.031250 | NO          | 1.653352  | 
539   | 30       | 1097.86898 | 1097.3588 | 1080.0000 | 1397.0 | 0.0102 | 0.031250 | NO          | 1.654811  | 
540   | 0        | 1098.51233 | 1098.5123 | 1119.0000 | 1397.0 | 0.0049 | 0.015625 | NO          | 1.694029  | 
541   | 0        | 1098.72487 | 1098.7248 | 1062.0000 | 1397.0 | 0.0050 | 0.015625 | NO          | 1.695535  | 
542   | 0        | 1098.80820 | 1098.8082 | 1174.0000 | 1397.0 | 0.0050 | 0.015625 | NO          | 1.697013  | 
543   | 0        | 1099.03523 | 1099.0352 | 1056.0000 | 1397.0 | 0.0053 | 0.015625 | NO          | 1.698474  | 
544   | 0        | 1099.24488 | 1099.2448 | 1133.0000 | 1397.0 | 0.0048 | 0.015625 | NO          | 1.699979  | 
545   | 1        | 1099.24488 | 1098.9550 | 1077.0000 | 1397.0 | 0.0056 | 0.015625 | NO          | 1.701690  | 
546   | 2        | 1099.24488 | 1099.1967 | 1089.0000 | 1397.0 | 0.0056 | 0.015625 | NO          | 1.703503  | 
547   | 3        | 1099.24488 | 1098.8534 | 1103.0000 | 1397.0 | 0.0051 | 0.015625 | NO          | 1.705529  | 
548   | 4        | 1099.24488 | 1099.1472 | 1091.0000 | 1397.0 | 0.0051 | 0.015625 | NO          | 1.707574  | 
549   | 5        | 1099.24488 | 1099.1470 | 1101.0000 | 1397.0 | 0.0045 | 0.015625 | NO          | 1.709164  | 
550   | 6        | 1099.24488 | 1099.2062 | 1151.0000 | 1397.0 | 0.0051 | 0.015625 | NO          | 1.710681  | 
551   | 7        | 1099.24488 | 1099.1349 | 1079.0000 | 1397.0 | 0.0046 | 0.015625 | NO          | 1.712355  | 
552   | 8        | 1099.24488 | 1099.0982 | 1128.0000 | 1397.0 | 0.0046 | 0.015625 | NO          | 1.713858  | 
553   | 9        | 1099.24488 | 1099.2391 | 1075.0000 | 1397.0 | 0.0049 | 0.015625 | NO          | 1.715453  | 
554   | 10       | 1099.24488 | 1099.1398 | 1115.0000 | 1397.0 | 0.0056 | 0.015625 | NO          | 1.716985  | 
555   | 11       | 1099.24488 | 1099.2038 | 1096.0000 | 1397.0 | 0.0048 | 0.015625 | NO          | 1.718458  | 
556   | 12       | 1099.24488 | 1098.8566 | 1108.0000 | 1397.0 | 0.0054 | 0.015625 | NO          | 1.719893  | 
557   | 0        | 1099.33713 | 1099.3371 | 1129.0000 | 1397.0 | 0.0041 | 0.015625 | NO          | 1.721747  | 
558   | 1        | 1099.33713 | 1099.0183 | 1128.0000 | 1397.0 | 0.0054 | 0.015625 | NO          | 1.723296  | 
559   | 2        | 1099.33713 | 1099.1578 | 1085.0000 | 1397.0 | 0.0048 | 0.015625 | NO          | 1.724757  | 
560   | 3        | 1099.33713 | 1099.1967 | 1092.0000 | 1397.0 | 0.0054 | 0.015625 | NO          | 1.726144  | 
561   | 4        | 1099.33713 | 1099.2418 | 1080.0000 | 1397.0 | 0.0056 | 0.015625 | NO          | 1.727517  | 
562   | 5        | 1099.33713 | 1099.0616 | 1108.0000 | 1397.0 | 0.0047 | 0.015625 | NO          | 1.728864  | 
563   | 6        | 1099.33713 | 1099.2740 | 1127.0000 | 1397.0 | 0.0045 | 0.015625 | NO          | 1.730220  | 
564   | 7        | 1099.33713 | 1099.1960 | 1086.0000 | 1397.0 | 0.0043 | 0.015625 | NO          | 1.731681  | 
565   | 8        | 1099.33713 | 1099.3113 | 1096.0000 | 1397.0 | 0.0049 | 0.015625 | NO          | 1.733165  | 
566   | 9        | 1099.33713 | 1099.0371 | 1133.0000 | 1397.0 | 0.0060 | 0.015625 | NO          | 1.734635  | 
567   | 10       | 1099.33713 | 1099.1632 | 1091.0000 | 1397.0 | 0.0049 | 0.015625 | NO          | 1.736038  | 
568   | 11       | 1099.33713 | 1099.2767 | 1111.0000 | 1397.0 | 0.0042 | 0.015625 | NO          | 1.737865  | 
569   | 12       | 1099.33713 | 1099.2823 | 1090.0000 | 1397.0 | 0.0049 | 0.015625 | NO          | 1.739403  | 
570   | 13       | 1099.33713 | 1098.9635 | 1109.0000 | 1397.0 | 0.0045 | 0.015625 | NO          | 1.749877  | 
571   | 14       | 1099.33713 | 1099.1090 | 1088.0000 | 1397.0 | 0.0049 | 0.015625 | NO          | 1.751418  | 
572   | 15       | 1099.33713 | 1099.2661 | 1112.0000 | 1397.0 | 0.0047 | 0.015625 | NO          | 1.753163  | 
573   | 16       | 1099.33713 | 1099.3158 | 1064.0000 | 1397.0 | 0.0048 | 0.015625 | NO          | 1.754737  | 
574   | 17       | 1099.33713 | 1099.0342 | 1119.0000 | 1397.0 | 0.0051 | 0.015625 | NO          | 1.756229  | 
575   | 18       | 1099.33713 | 1099.2599 | 1093.0000 | 1397.0 | 0.0053 | 0.015625 | NO          | 1.757605  | 
576   | 19       | 1099.33713 | 1099.1806 | 1042.0000 | 1397.0 | 0.0052 | 0.015625 | NO          | 1.759000  | 
577   | 20       | 1099.33713 | 1099.2710 | 1099.0000 | 1397.0 | 0.0046 | 0.015625 | NO          | 1.760370  | 
578   | 21       | 1099.33713 | 1098.9126 | 1135.0000 | 1397.0 | 0.0048 | 0.015625 | NO          | 1.761750  | 
579   | 22       | 1099.33713 | 1099.2711 | 1116.0000 | 1397.0 | 0.0042 | 0.015625 | NO          | 1.763115  | 
580   | 23       | 1099.33713 | 1099.0134 | 1097.0000 | 1397.0 | 0.0050 | 0.015625 | NO          | 1.764486  | 
581   | 24       | 1099.33713 | 1099.1633 | 1059.0000 | 1397.0 | 0.0051 | 0.015625 | NO          | 1.766050  | 
582   | 25       | 1099.33713 | 1099.1771 | 1164.0000 | 1397.0 | 0.0046 | 0.015625 | NO          | 1.767587  | 
583   | 26       | 1099.33713 | 1099.2086 | 1091.0000 | 1397.0 | 0.0048 | 0.015625 | NO          | 1.769374  | 
584   | 27       | 1099.33713 | 1098.9933 | 1076.0000 | 1397.0 | 0.0043 | 0.015625 | NO          | 1.770976  | 
585   | 0        | 1099.46410 | 1099.4641 | 1043.0000 | 1397.0 | 0.0045 | 0.015625 | NO          | 1.772452  | 
586   | 1        | 1099.46410 | 1099.0551 | 1177.0000 | 1397.0 | 0.0056 | 0.015625 | NO          | 1.773864  | 
587   | 2        | 1099.46410 | 1099.1256 | 1135.0000 | 1397.0 | 0.0049 | 0.015625 | NO          | 1.775256  | 
588   | 3        | 1099.46410 | 1099.3355 | 1114.0000 | 1397.0 | 0.0041 | 0.015625 | NO          | 1.776642  | 
589   | 4        | 1099.46410 | 1099.2773 | 1060.0000 | 1397.0 | 0.0053 | 0.015625 | NO          | 1.778033  | 
590   | 5        | 1099.46410 | 1099.0711 | 1107.0000 | 1397.0 | 0.0048 | 0.015625 | NO          | 1.779428  | 
591   | 6        | 1099.46410 | 1099.2328 | 1048.0000 | 1397.0 | 0.0043 | 0.015625 | NO          | 1.780816  | 
592   | 7        | 1099.46410 | 1099.2683 | 1064.0000 | 1397.0 | 0.0048 | 0.015625 | NO          | 1.782342  | 
593   | 8        | 1099.46410 | 1099.3744 | 1183.0000 | 1397.0 | 0.0049 | 0.015625 | NO          | 1.783951  | 
594   | 9        | 1099.46410 | 1099.1677 | 1067.0000 | 1397.0 | 0.0047 | 0.015625 | NO          | 1.785700  | 
595   | 10       | 1099.46410 | 1099.1663 | 1101.0000 | 1397.0 | 0.0049 | 0.015625 | NO          | 1.787267  | 
596   | 11       | 1099.46410 | 1099.0467 | 1125.0000 | 1397.0 | 0.0052 | 0.015625 | NO          | 1.788723  | 
597   | 12       | 1099.46410 | 1099.2188 | 1107.0000 | 1397.0 | 0.0051 | 0.015625 | NO          | 1.790127  | 
598   | 13       | 1099.46410 | 1099.2302 | 1121.0000 | 1397.0 | 0.0046 | 0.015625 | NO          | 1.791526  | 
599   | 14       | 1099.46410 | 1099.1461 | 1047.0000 | 1397.0 | 0.0044 | 0.015625 | NO          | 1.792901  | 
600   | 15       | 1099.46410 | 1099.3389 | 1183.0000 | 1397.0 | 0.0047 | 0.015625 | NO          | 1.816973  | 
601   | 16       | 1099.46410 | 1099.2309 | 1063.0000 | 1397.0 | 0.0043 | 0.015625 | NO          | 1.818596  | 
602   | 0        | 1099.55491 | 1099.5549 | 1110.0000 | 1397.0 | 0.0040 | 0.015625 | NO          | 1.820145  | 
603   | 1        | 1099.55491 | 1099.0462 | 1092.0000 | 1397.0 | 0.0058 | 0.015625 | NO          | 1.821565  | 
604   | 2        | 1099.55491 | 1099.2161 | 1154.0000 | 1397.0 | 0.0044 | 0.015625 | NO          | 1.822946  | 
605   | 3        | 1099.55491 | 1099.0979 | 1015.0000 | 1397.0 | 0.0050 | 0.015625 | NO          | 1.824320  | 
606   | 4        | 1099.55491 | 1099.2085 | 1156.0000 | 1397.0 | 0.0045 | 0.015625 | NO          | 1.825671  | 
607   | 5        | 1099.55491 | 1099.4020 | 1089.0000 | 1397.0 | 0.0042 | 0.015625 | NO          | 1.827022  | 
608   | 6        | 1099.55491 | 1099.2861 | 1115.0000 | 1397.0 | 0.0050 | 0.015625 | NO          | 1.828354  | 
609   | 7        | 1099.55491 | 1099.0807 | 1140.0000 | 1397.0 | 0.0053 | 0.015625 | NO          | 1.829688  | 
610   | 8        | 1099.55491 | 1099.2451 | 1094.0000 | 1397.0 | 0.0042 | 0.015625 | NO          | 1.831012  | 
611   | 9        | 1099.55491 | 1099.1312 | 1062.0000 | 1397.0 | 0.0058 | 0.015625 | NO          | 1.832736  | 
612   | 10       | 1099.55491 | 1099.2795 | 1089.0000 | 1397.0 | 0.0045 | 0.015625 | NO          | 1.834389  | 
613   | 11       | 1099.55491 | 1099.3503 | 1124.0000 | 1397.0 | 0.0044 | 0.015625 | NO          | 1.835919  | 
614   | 12       | 1099.55491 | 1099.3704 | 1120.0000 | 1397.0 | 0.0051 | 0.015625 | NO          | 1.837311  | 
615   | 13       | 1099.55491 | 1099.1946 | 1094.0000 | 1397.0 | 0.0047 | 0.015625 | NO          | 1.838730  | 
616   | 14       | 1099.55491 | 1099.2344 | 1099.0000 | 1397.0 | 0.0049 | 0.015625 | NO          | 1.840170  | 
617   | 15       | 1099.55491 | 1099.2621 | 1096.0000 | 1397.0 | 0.0051 | 0.015625 | NO          | 1.841664  | 
618   | 16       | 1099.55491 | 1099.3388 | 1072.0000 | 1397.0 | 0.0049 | 0.015625 | NO          | 1.843072  | 
619   | 17       | 1099.55491 | 1099.4489 | 1139.0000 | 1397.0 | 0.0046 | 0.015625 | NO          | 1.844477  | 
620   | 18       | 1099.55491 | 1099.1311 | 1067.0000 | 1397.0 | 0.0046 | 0.015625 | NO          | 1.845840  | 
621   | 19       | 1099.55491 | 1099.2071 | 1083.0000 | 1397.0 | 0.0033 | 0.015625 | NO          | 1.847194  | 
622   | 20       | 1099.55491 | 1099.2879 | 1124.0000 | 1397.0 | 0.0046 | 0.015625 | NO          | 1.848827  | 
623   | 21       | 1099.55491 | 1099.1152 | 1041.0000 | 1397.0 | 0.0047 | 0.015625 | NO          | 1.850653  | 
624   | 22       | 1099.55491 | 1099.2836 | 1123.0000 | 1397.0 | 0.0045 | 0.015625 | NO          | 1.852254  | 
625   | 23       | 1099.55491 | 1099.2593 | 1116.0000 | 1397.0 | 0.0053 | 0.015625 | NO          | 1.853778  | 
626   | 24       | 1099.55491 | 1099.0426 | 1110.0000 | 1397.0 | 0.0047 | 0.015625 | NO          | 1.855195  | 
627   | 25       | 1099.55491 | 1099.3063 | 1085.0000 | 1397.0 | 0.0045 | 0.015625 | NO          | 1.856578  | 
628   | 26       | 1099.55491 | 1099.2247 | 1116.0000 | 1397.0 | 0.0049 | 0.015625 | NO          | 1.857949  | 
629   | 27       | 1099.55491 | 1099.2463 | 1127.0000 | 1397.0 | 0.0045 | 0.015625 | NO          | 1.859314  | 
630   | 28       | 1099.55491 | 1099.3400 | 1068.0000 | 1397.0 | 0.0039 | 0.015625 | NO          | 1.880073  | 
631   | 29       | 1099.55491 | 1099.1468 | 1137.0000 | 1397.0 | 0.0051 | 0.015625 | NO          | 1.881662  | 
632   | 30       | 1099.55491 | 1099.3686 | 1052.0000 | 1397.0 | 0.0043 | 0.015625 | NO          | 1.883570  | 
633   | 0        | 1099.83323 | 1099.8332 | 1121.0000 | 1397.0 | 0.0022 | 0.007812 | NO          | 1.885132  | 
634   | 0        | 1099.92850 | 1099.9285 | 1087.0000 | 1397.0 | 0.0028 | 0.007812 | NO          | 1.886674  | 
635   | 1        | 1099.92850 | 1099.9028 | 1119.0000 | 1397.0 | 0.0026 | 0.007812 | NO          | 1.888112  | 
636   | 0        | 1100.10207 | 1100.1020 | 1077.0000 | 1397.0 | 0.0026 | 0.007812 | NO          | 1.889535  | 
637   | 1        | 1100.10207 | 1100.0671 | 1085.0000 | 1397.0 | 0.0028 | 0.007812 | NO          | 1.890896  | 
638   | 0        | 1100.14876 | 1100.1487 | 1143.0000 | 1397.0 | 0.0028 | 0.007812 | NO          | 1.892245  | 
639   | 1        | 1100.14876 | 1100.0799 | 1055.0000 | 1397.0 | 0.0028 | 0.007812 | NO          | 1.893660  | 
640   | 2        | 1100.14876 | 1100.0304 | 1143.0000 | 1397.0 | 0.0024 | 0.007812 | NO          | 1.895072  | 
641   | 3        | 1100.14876 | 1100.1015 | 1102.0000 | 1397.0 | 0.0024 | 0.007812 | NO          | 1.896458  | 
642   | 0        | 1100.14877 | 1100.1487 | 1129.0000 | 1397.0 | 0.0024 | 0.007812 | NO          | 1.897858  | 
643   | 1        | 1100.14877 | 1100.0611 | 1067.0000 | 1397.0 | 0.0024 | 0.007812 | NO          | 1.899530  | 
644   | 2        | 1100.14877 | 1100.1240 | 1026.0000 | 1397.0 | 0.0028 | 0.007812 | NO          | 1.901366  | 
645   | 3        | 1100.14877 | 1100.0065 | 1127.0000 | 1397.0 | 0.0026 | 0.007812 | NO          | 1.902934  | 
646   | 4        | 1100.14877 | 1100.0894 | 1154.0000 | 1397.0 | 0.0024 | 0.007812 | NO          | 1.904394  | 
647   | 5        | 1100.14877 | 1100.1334 | 1135.0000 | 1397.0 | 0.0025 | 0.007812 | NO          | 1.905832  | 
648   | 6        | 1100.14877 | 1100.1261 | 1110.0000 | 1397.0 | 0.0028 | 0.007812 | NO          | 1.907288  | 
649   | 7        | 1100.14877 | 1100.0307 | 1070.0000 | 1397.0 | 0.0022 | 0.007812 | NO          | 1.909303  | 
650   | 0        | 1100.20095 | 1100.2009 | 1043.0000 | 1397.0 | 0.0026 | 0.007812 | NO          | 1.910860  | 
651   | 1        | 1100.20095 | 1100.0995 | 1138.0000 | 1397.0 | 0.0023 | 0.007812 | NO          | 1.912348  | 
652   | 2        | 1100.20095 | 1100.0404 | 1113.0000 | 1397.0 | 0.0024 | 0.007812 | NO          | 1.913787  | 
653   | 3        | 1100.20095 | 1100.1540 | 1117.0000 | 1397.0 | 0.0028 | 0.007812 | NO          | 1.915207  | 
654   | 4        | 1100.20095 | 1100.1221 | 1097.0000 | 1397.0 | 0.0023 | 0.007812 | NO          | 1.917073  | 
655   | 5        | 1100.20095 | 1100.0121 | 1140.0000 | 1397.0 | 0.0024 | 0.007812 | NO          | 1.918674  | 
656   | 6        | 1100.20095 | 1100.1567 | 1121.0000 | 1397.0 | 0.0023 | 0.007812 | NO          | 1.920167  | 
657   | 7        | 1100.20095 | 1100.1309 | 1053.0000 | 1397.0 | 0.0021 | 0.007812 | NO          | 1.921576  | 
658   | 8        | 1100.20095 | 1100.0717 | 1079.0000 | 1397.0 | 0.0025 | 0.007812 | NO          | 1.922949  | 
659   | 9        | 1100.20095 | 1100.0719 | 1167.0000 | 1397.0 | 0.0027 | 0.007812 | NO          | 1.924342  | 
660   | 10       | 1100.20095 | 1100.1262 | 1082.0000 | 1397.0 | 0.0025 | 0.007812 | NO          | 1.946377  | 
661   | 0        | 1100.23950 | 1100.2395 | 1116.0000 | 1397.0 | 0.0020 | 0.007812 | NO          | 1.947942  | 
662   | 1        | 1100.23950 | 1100.0661 | 1054.0000 | 1397.0 | 0.0026 | 0.007812 | NO          | 1.950020  | 
663   | 2        | 1100.23950 | 1099.9538 | 1112.0000 | 1397.0 | 0.0021 | 0.007812 | NO          | 1.951831  | 
664   | 3        | 1100.23950 | 1100.1036 | 1144.0000 | 1397.0 | 0.0022 | 0.007812 | NO          | 1.953549  | 
665   | 4        | 1100.23950 | 1100.1182 | 1093.0000 | 1397.0 | 0.0024 | 0.007812 | NO          | 1.955185  | 
666   | 5        | 1100.23950 | 1100.1889 | 1101.0000 | 1397.0 | 0.0024 | 0.007812 | NO          | 1.956802  | 
667   | 6        | 1100.23950 | 1100.1547 | 1074.0000 | 1397.0 | 0.0026 | 0.007812 | NO          | 1.958467  | 
668   | 7        | 1100.23950 | 1100.0888 | 1094.0000 | 1397.0 | 0.0027 | 0.007812 | NO          | 1.960091  | 
669   | 8        | 1100.23950 | 1100.2394 | 1143.0000 | 1397.0 | 0.0027 | 0.007812 | NO          | 1.961731  | 
670   | 9        | 1100.23950 | 1100.0057 | 1056.0000 | 1397.0 | 0.0027 | 0.007812 | NO          | 1.963435  | 
671   | 10       | 1100.23950 | 1100.0138 | 1177.0000 | 1397.0 | 0.0025 | 0.007812 | NO          | 1.965141  | 
672   | 0        | 1100.39762 | 1100.3976 | 1080.0000 | 1397.0 | 0.0024 | 0.007812 | NO          | 1.967784  | 
673   | 1        | 1100.39762 | 1100.1157 | 1090.0000 | 1397.0 | 0.0025 | 0.007812 | NO          | 1.969710  | 
674   | 2        | 1100.39762 | 1100.1117 | 1096.0000 | 1397.0 | 0.0026 | 0.007812 | NO          | 1.971492  | 
675   | 3        | 1100.39762 | 1100.1626 | 1091.0000 | 1397.0 | 0.0028 | 0.007812 | NO          | 1.973185  | 
676   | 4        | 1100.39762 | 1100.1173 | 1068.0000 | 1397.0 | 0.0023 | 0.007812 | NO          | 1.974872  | 
677   | 5        | 1100.39762 | 1100.1488 | 1168.0000 | 1397.0 | 0.0026 | 0.007812 | NO          | 1.976481  | 
678   | 6        | 1100.39762 | 1100.1497 | 1083.0000 | 1397.0 | 0.0025 | 0.007812 | NO          | 1.978070  | 
679   | 7        | 1100.39762 | 1100.1462 | 1084.0000 | 1397.0 | 0.0025 | 0.007812 | NO          | 1.979660  | 
680   | 8        | 1100.39762 | 1100.1436 | 1118.0000 | 1397.0 | 0.0022 | 0.007812 | NO          | 1.981420  | 
681   | 9        | 1100.39762 | 1100.1944 | 1106.0000 | 1397.0 | 0.0023 | 0.007812 | NO          | 1.983598  | 
682   | 10       | 1100.39762 | 1100.1875 | 1121.0000 | 1397.0 | 0.0026 | 0.007812 | NO          | 1.985525  | 
683   | 11       | 1100.39762 | 1099.9995 | 1102.0000 | 1397.0 | 0.0026 | 0.007812 | NO          | 1.987346  | 
684   | 12       | 1100.39762 | 1100.1031 | 1067.0000 | 1397.0 | 0.0023 | 0.007812 | NO          | 1.989088  | 
685   | 13       | 1100.39762 | 1100.0951 | 1102.0000 | 1397.0 | 0.0025 | 0.007812 | NO          | 1.990751  | 
686   | 14       | 1100.39762 | 1100.2408 | 1147.0000 | 1397.0 | 0.0023 | 0.007812 | NO          | 1.992475  | 
687   | 15       | 1100.39762 | 1100.1389 | 1073.0000 | 1397.0 | 0.0021 | 0.007812 | NO          | 1.994495  | 
688   | 16       | 1100.39762 | 1100.1335 | 1122.0000 | 1397.0 | 0.0023 | 0.007812 | NO          | 1.996058  | 
689   | 17       | 1100.39762 | 1099.9750 | 1099.0000 | 1397.0 | 0.0028 | 0.007812 | NO          | 1.997619  | 
690   | 18       | 1100.39762 | 1100.1587 | 1096.0000 | 1397.0 | 0.0022 | 0.007812 | NO          | 2.030896  | 
691   | 19       | 1100.39762 | 1100.1356 | 1059.0000 | 1397.0 | 0.0022 | 0.007812 | NO          | 2.032768  | 
692   | 20       | 1100.39762 | 1100.1198 | 1116.0000 | 1397.0 | 0.0024 | 0.007812 | NO          | 2.034403  | 
693   | 21       | 1100.39762 | 1099.9385 | 1110.0000 | 1397.0 | 0.0025 | 0.007812 | NO          | 2.035941  | 
694   | 22       | 1100.39762 | 1100.2948 | 1145.0000 | 1397.0 | 0.0021 | 0.007812 | NO          | 2.037403  | 
695   | 23       | 1100.39762 | 1100.2030 | 1110.0000 | 1397.0 | 0.0025 | 0.007812 | NO          | 2.038875  | 
696   | 24       | 1100.39762 | 1100.0891 | 1054.0000 | 1397.0 | 0.0023 | 0.007812 | NO          | 2.040294  | 
697   | 25       | 1100.39762 | 1100.0293 | 1129.0000 | 1397.0 | 0.0026 | 0.007812 | NO          | 2.041720  | 
698   | 26       | 1100.39762 | 1100.2768 | 1128.0000 | 1397.0 | 0.0024 | 0.007812 | NO          | 2.043104  | 
699   | 27       | 1100.39762 | 1100.0977 | 1089.0000 | 1397.0 | 0.0026 | 0.007812 | NO          | 2.044517  | 
700   | 28       | 1100.39762 | 1100.2443 | 1135.0000 | 1397.0 | 0.0022 | 0.007812 | NO          | 2.045927  | 
701   | 29       | 1100.39762 | 1100.0743 | 1119.0000 | 1397.0 | 0.0024 | 0.007812 | NO          | 2.047336  | 
702   | 30       | 1100.39762 | 1100.0700 | 1078.0000 | 1397.0 | 0.0026 | 0.007812 | NO          | 2.049086  | 
703   | 31       | 1100.39762 | 1100.1413 | 1104.0000 | 1397.0 | 0.0023 | 0.007812 | NO          | 2.051428  | 
704   | 32       | 1100.39762 | 1100.2214 | 1061.0000 | 1397.0 | 0.0023 | 0.007812 | NO          | 2.053610  | 
705   | 33       | 1100.39762 | 1100.1068 | 1178.0000 | 1397.0 | 0.0027 | 0.007812 | NO          | 2.055275  | 
706   | 34       | 1100.39762 | 1100.3055 | 1095.0000 | 1397.0 | 0.0022 | 0.007812 | NO          | 2.056885  | 
707   | 35       | 1100.39762 | 1100.0622 | 1026.0000 | 1397.0 | 0.0025 | 0.007812 | NO          | 2.058417  | 
708   | 36       | 1100.39762 | 1100.2557 | 1117.0000 | 1397.0 | 0.0024 | 0.007812 | NO          | 2.059896  | 
709   | 37       | 1100.39762 | 1100.1320 | 1148.0000 | 1397.0 | 0.0023 | 0.007812 | NO          | 2.061343  | 
710   | 38       | 1100.39762 | 1100.2411 | 1068.0000 | 1397.0 | 0.0024 | 0.007812 | NO          | 2.062794  | 
711   | 39       | 1100.39762 | 1100.0123 | 1046.0000 | 1397.0 | 0.0028 | 0.007812 | NO          | 2.064276  | 
712   | 40       | 1100.39762 | 1100.2062 | 1140.0000 | 1397.0 | 0.0023 | 0.007812 | NO          | 2.066593  | 
713   | 41       | 1100.39762 | 1100.1909 | 1165.0000 | 1397.0 | 0.0027 | 0.007812 | NO          | 2.068557  | 
714   | 42       | 1100.39762 | 1100.1693 | 1043.0000 | 1397.0 | 0.0024 | 0.007812 | NO          | 2.070124  | 
715   | 43       | 1100.39762 | 1100.0784 | 1087.0000 | 1397.0 | 0.0022 | 0.007812 | NO          | 2.071612  | 
716   | 44       | 1100.39762 | 1100.1369 | 1121.0000 | 1397.0 | 0.0025 | 0.007812 | NO          | 2.073025  | 
717   | 45       | 1100.39762 | 1100.1234 | 1085.0000 | 1397.0 | 0.0023 | 0.007812 | NO          | 2.074434  | 
718   | 46       | 1100.39762 | 1100.2608 | 1133.0000 | 1397.0 | 0.0023 | 0.007812 | NO          | 2.075834  | 
719   | 47       | 1100.39762 | 1100.1149 | 1081.0000 | 1397.0 | 0.0024 | 0.007812 | NO          | 2.077190  | 
720   | 48       | 1100.39762 | 1100.1849 | 1110.0000 | 1397.0 | 0.0026 | 0.007812 | NO          | 2.090509  | 
721   | 49       | 1100.39762 | 1100.0750 | 1173.0000 | 1397.0 | 0.0023 | 0.007812 | NO          | 2.092070  | 
722   | 50       | 1100.39762 | 1100.2561 | 1061.0000 | 1397.0 | 0.0022 | 0.007812 | NO          | 2.093524  | 
723   | 51       | 1100.39762 | 1100.2363 | 1145.0000 | 1397.0 | 0.0023 | 0.007812 | NO          | 2.094924  | 
724   | 52       | 1100.39762 | 1100.1539 | 1090.0000 | 1397.0 | 0.0025 | 0.007812 | NO          | 2.096292  | 
725   | 53       | 1100.39762 | 1100.1378 | 1035.0000 | 1397.0 | 0.0023 | 0.007812 | NO          | 2.098323  | 
726   | 54       | 1100.39762 | 1100.2004 | 1197.0000 | 1397.0 | 0.0021 | 0.007812 | NO          | 2.100143  | 
727   | 55       | 1100.39762 | 1100.1011 | 1076.0000 | 1397.0 | 0.0026 | 0.007812 | NO          | 2.101767  | 
728   | 56       | 1100.39762 | 1100.1195 | 1057.0000 | 1397.0 | 0.0022 | 0.007812 | NO          | 2.103302  | 
729   | 57       | 1100.39762 | 1100.1477 | 1072.0000 | 1397.0 | 0.0023 | 0.007812 | NO          | 2.104775  | 
730   | 58       | 1100.39762 | 1100.2647 | 1102.0000 | 1397.0 | 0.0024 | 0.007812 | NO          | 2.106173  | 
731   | 59       | 1100.39762 | 1100.2625 | 1108.0000 | 1397.0 | 0.0023 | 0.007812 | NO          | 2.107585  | 
732   | 60       | 1100.39762 | 1100.1035 | 1126.0000 | 1397.0 | 0.0028 | 0.007812 | NO          | 2.109049  | 
733   | 61       | 1100.39762 | 1100.1421 | 1086.0000 | 1397.0 | 0.0026 | 0.007812 | NO          | 2.110514  | 
734   | 62       | 1100.39762 | 1100.1748 | 1091.0000 | 1397.0 | 0.0025 | 0.007812 | NO          | 2.112125  | 
735   | 63       | 1100.39762 | 1100.2530 | 1127.0000 | 1397.0 | 0.0021 | 0.007812 | NO          | 2.113885  | 
736   | 64       | 1100.39762 | 1100.2176 | 1111.0000 | 1397.0 | 0.0026 | 0.007812 | NO          | 2.116023  | 
737   | 65       | 1100.39762 | 1100.1239 | 1050.0000 | 1397.0 | 0.0024 | 0.007812 | NO          | 2.117758  | 
738   | 66       | 1100.39762 | 1100.1234 | 1116.0000 | 1397.0 | 0.0023 | 0.007812 | NO          | 2.119290  | 
739   | 67       | 1100.39762 | 1100.2509 | 1104.0000 | 1397.0 | 0.0025 | 0.007812 | NO          | 2.120801  | 
740   | 68       | 1100.39762 | 1100.1815 | 1089.0000 | 1397.0 | 0.0025 | 0.007812 | NO          | 2.122244  | 
741   | 69       | 1100.39762 | 1100.1504 | 1062.0000 | 1397.0 | 0.0024 | 0.007812 | NO          | 2.123680  | 
742   | 70       | 1100.39762 | 1100.0863 | 1127.0000 | 1397.0 | 0.0022 | 0.007812 | NO          | 2.125629  | 
743   | 71       | 1100.39762 | 1100.1958 | 1107.0000 | 1397.0 | 0.0022 | 0.007812 | NO          | 2.127194  | 
744   | 72       | 1100.39762 | 1100.2529 | 1096.0000 | 1397.0 | 0.0022 | 0.007812 | NO          | 2.129133  | 
745   | 73       | 1100.39762 | 1100.1989 | 1100.0000 | 1397.0 | 0.0024 | 0.007812 | NO          | 2.131641  | 
746   | 74       | 1100.39762 | 1100.1970 | 1099.0000 | 1397.0 | 0.0026 | 0.007812 | NO          | 2.133847  | 
747   | 75       | 1100.39762 | 1100.1580 | 1124.0000 | 1397.0 | 0.0029 | 0.007812 | NO          | 2.135657  | 
748   | 76       | 1100.39762 | 1100.1447 | 1063.0000 | 1397.0 | 0.0024 | 0.007812 | NO          | 2.137257  | 
749   | 77       | 1100.39762 | 1100.0794 | 1083.0000 | 1397.0 | 0.0022 | 0.007812 | NO          | 2.138768  | 
750   | 78       | 1100.39762 | 1100.3403 | 1186.0000 | 1397.0 | 0.0023 | 0.007812 | NO          | 2.174397  | 
751   | 79       | 1100.39762 | 1100.2107 | 1039.0000 | 1397.0 | 0.0024 | 0.007812 | NO          | 2.176053  | 
752   | 80       | 1100.39762 | 1100.1350 | 1103.0000 | 1397.0 | 0.0024 | 0.007812 | NO          | 2.177548  | 
753   | 81       | 1100.39762 | 1100.1549 | 1143.0000 | 1397.0 | 0.0025 | 0.007812 | NO          | 2.179072  | 
754   | 82       | 1100.39762 | 1100.2135 | 1087.0000 | 1397.0 | 0.0022 | 0.007812 | NO          | 2.180779  | 
755   | 83       | 1100.39762 | 1100.2375 | 1109.0000 | 1397.0 | 0.0023 | 0.007812 | NO          | 2.182443  | 
756   | 84       | 1100.39762 | 1100.2472 | 1083.0000 | 1397.0 | 0.0024 | 0.007812 | NO          | 2.184227  | 
757   | 85       | 1100.39762 | 1100.1687 | 1090.0000 | 1397.0 | 0.0029 | 0.007812 | NO          | 2.186338  | 
758   | 86       | 1100.39762 | 1100.1503 | 1123.0000 | 1397.0 | 0.0024 | 0.007812 | NO          | 2.187962  | 
759   | 87       | 1100.39762 | 1100.1215 | 1129.0000 | 1397.0 | 0.0022 | 0.007812 | NO          | 2.189545  | 
760   | 88       | 1100.39762 | 1100.2884 | 1063.0000 | 1397.0 | 0.0019 | 0.007812 | NO          | 2.191026  | 
761   | 89       | 1100.39762 | 1100.1490 | 1078.0000 | 1397.0 | 0.0027 | 0.007812 | NO          | 2.192448  | 
762   | 90       | 1100.39762 | 1100.1994 | 1131.0000 | 1397.0 | 0.0024 | 0.007812 | NO          | 2.193841  | 
763   | 91       | 1100.39762 | 1100.1122 | 1132.0000 | 1397.0 | 0.0025 | 0.007812 | NO          | 2.195391  | 
764   | 92       | 1100.39762 | 1100.2535 | 1105.0000 | 1397.0 | 0.0021 | 0.007812 | NO          | 2.197495  | 
765   | 93       | 1100.39762 | 1100.1332 | 1156.0000 | 1397.0 | 0.0023 | 0.007812 | NO          | 2.199226  | 
766   | 94       | 1100.39762 | 1100.1794 | 1084.0000 | 1397.0 | 0.0023 | 0.007812 | NO          | 2.200898  | 
767   | 95       | 1100.39762 | 1100.0299 | 1059.0000 | 1397.0 | 0.0024 | 0.007812 | NO          | 2.202449  | 
768   | 96       | 1100.39762 | 1100.3005 | 1072.0000 | 1397.0 | 0.0026 | 0.007812 | NO          | 2.203846  | 
769   | 97       | 1100.39762 | 1100.2399 | 1186.0000 | 1397.0 | 0.0025 | 0.007812 | NO          | 2.205214  | 
770   | 98       | 1100.39762 | 1100.1386 | 1069.0000 | 1397.0 | 0.0026 | 0.007812 | NO          | 2.206577  | 
771   | 99       | 1100.39762 | 1100.2011 | 1098.0000 | 1397.0 | 0.0021 | 0.007812 | NO          | 2.207944  | 
772   | 100      | 1100.39762 | 1100.2504 | 1114.0000 | 1397.0 | 0.0023 | 0.007812 | NO          | 2.209314  | 
773   | 101      | 1100.39762 | 1100.1738 | 1050.0000 | 1397.0 | 0.0023 | 0.007812 | NO          | 2.210701  | 
774   | 102      | 1100.39762 | 1100.2941 | 1081.0000 | 1397.0 | 0.0027 | 0.007812 | NO          | 2.212503  | 
775   | 103      | 1100.39762 | 1100.0883 | 1199.0000 | 1397.0 | 0.0024 | 0.007812 | NO          | 2.214081  | 
776   | 104      | 1100.39762 | 1100.3361 | 1058.0000 | 1397.0 | 0.0020 | 0.007812 | NO          | 2.215641  | 
777   | 105      | 1100.39762 | 1100.1987 | 1115.0000 | 1397.0 | 0.0020 | 0.007812 | NO          | 2.217116  | 
778   | 106      | 1100.39762 | 1100.2507 | 1072.0000 | 1397.0 | 0.0019 | 0.007812 | NO          | 2.218527  | 
779   | 107      | 1100.39762 | 1100.1275 | 1156.0000 | 1397.0 | 0.0026 | 0.007812 | NO          | 2.219927  | 
780   | 108      | 1100.39762 | 1100.1657 | 1037.0000 | 1397.0 | 0.0025 | 0.007812 | NO          | 2.232638  | 
781   | 109      | 1100.39762 | 1100.1776 | 1140.0000 | 1397.0 | 0.0023 | 0.007812 | NO          | 2.234148  | 
782   | 110      | 1100.39762 | 1100.2677 | 1090.0000 | 1397.0 | 0.0022 | 0.007812 | NO          | 2.235566  | 
783   | 111      | 1100.39762 | 1100.1810 | 1082.0000 | 1397.0 | 0.0027 | 0.007812 | NO          | 2.237156  | 
784   | 112      | 1100.39762 | 1100.1529 | 1110.0000 | 1397.0 | 0.0023 | 0.007812 | NO          | 2.238679  | 
785   | 113      | 1100.39762 | 1100.2993 | 1127.0000 | 1397.0 | 0.0021 | 0.007812 | NO          | 2.240161  | 
786   | 114      | 1100.39762 | 1100.2436 | 1101.0000 | 1397.0 | 0.0027 | 0.007812 | NO          | 2.241574  | 
787   | 115      | 1100.39762 | 1100.1326 | 1057.0000 | 1397.0 | 0.0022 | 0.007812 | NO          | 2.242932  | 
788   | 116      | 1100.39762 | 1100.1106 | 1101.0000 | 1397.0 | 0.0024 | 0.007812 | NO          | 2.244297  | 
789   | 117      | 1100.39762 | 1100.2936 | 1119.0000 | 1397.0 | 0.0023 | 0.007812 | NO          | 2.245681  | 
790   | 118      | 1100.39762 | 1100.2602 | 1120.0000 | 1397.0 | 0.0023 | 0.007812 | NO          | 2.247037  | 
791   | 119      | 1100.39762 | 1100.1146 | 1070.0000 | 1397.0 | 0.0027 | 0.007812 | NO          | 2.248442  | 
792   | 120      | 1100.39762 | 1100.1671 | 1101.0000 | 1397.0 | 0.0025 | 0.007812 | NO          | 2.249826  | 
793   | 121      | 1100.39762 | 1100.2314 | 1187.0000 | 1397.0 | 0.0023 | 0.007812 | NO          | 2.251199  | 
794   | 122      | 1100.39762 | 1100.2993 | 1109.0000 | 1397.0 | 0.0017 | 0.007812 | NO          | 2.252507  | 
795   | 123      | 1100.39762 | 1100.2285 | 996.00000 | 1397.0 | 0.0027 | 0.007812 | NO          | 2.253815  | 
796   | 124      | 1100.39762 | 1100.0885 | 1147.0000 | 1397.0 | 0.0025 | 0.007812 | NO          | 2.255142  | 
797   | 125      | 1100.39762 | 1100.3180 | 1135.0000 | 1397.0 | 0.0024 | 0.007812 | NO          | 2.256461  | 
798   | 126      | 1100.39762 | 1100.1625 | 1126.0000 | 1397.0 | 0.0022 | 0.007812 | NO          | 2.257828  | 
799   | 127      | 1100.39762 | 1100.2720 | 1043.0000 | 1397.0 | 0.0021 | 0.007812 | NO          | 2.259175  | 
800   | 128      | 1100.39762 | 1100.0705 | 1088.0000 | 1397.0 | 0.0022 | 0.007812 | NO          | 2.260510  | 
801   | 129      | 1100.39762 | 1100.2163 | 1098.0000 | 1397.0 | 0.0020 | 0.007812 | NO          | 2.261836  | 
802   | 130      | 1100.39762 | 1100.1571 | 1179.0000 | 1397.0 | 0.0026 | 0.007812 | NO          | 2.263137  | 
803   | 131      | 1100.39762 | 1100.2757 | 1079.0000 | 1397.0 | 0.0022 | 0.007812 | NO          | 2.264450  | 
804   | 132      | 1100.39762 | 1100.0817 | 1145.0000 | 1397.0 | 0.0026 | 0.007812 | NO          | 2.265749  | 
805   | 133      | 1100.39762 | 1100.2299 | 1061.0000 | 1397.0 | 0.0023 | 0.007812 | NO          | 2.267064  | 
806   | 134      | 1100.39762 | 1100.1830 | 1118.0000 | 1397.0 | 0.0024 | 0.007812 | NO          | 2.268361  | 
807   | 135      | 1100.39762 | 1100.1312 | 1071.0000 | 1397.0 | 0.0023 | 0.007812 | NO          | 2.269665  | 
808   | 136      | 1100.39762 | 1100.1910 | 1076.0000 | 1397.0 | 0.0020 | 0.007812 | NO          | 2.270964  | 
809   | 137      | 1100.39762 | 1100.2833 | 1169.0000 | 1397.0 | 0.0023 | 0.007812 | NO          | 2.272269  | 
810   | 138      | 1100.39762 | 1100.2035 | 1117.0000 | 1397.0 | 0.0022 | 0.007812 | NO          | 2.304591  | 
811   | 139      | 1100.39762 | 1100.1974 | 1014.0000 | 1397.0 | 0.0025 | 0.007812 | NO          | 2.306145  | 
812   | 140      | 1100.39762 | 1100.3127 | 1147.0000 | 1397.0 | 0.0025 | 0.007812 | NO          | 2.307706  | 
813   | 141      | 1100.39762 | 1100.1945 | 1138.0000 | 1397.0 | 0.0026 | 0.007812 | NO          | 2.309591  | 
814   | 142      | 1100.39762 | 1100.2107 | 1062.0000 | 1397.0 | 0.0019 | 0.007812 | NO          | 2.311685  | 
815   | 143      | 1100.39762 | 1100.2073 | 1073.0000 | 1397.0 | 0.0022 | 0.007812 | NO          | 2.313310  | 
816   | 144      | 1100.39762 | 1100.1975 | 1057.0000 | 1397.0 | 0.0025 | 0.007812 | NO          | 2.315315  | 
817   | 145      | 1100.39762 | 1100.1959 | 1125.0000 | 1397.0 | 0.0025 | 0.007812 | NO          | 2.317002  | 
818   | 146      | 1100.39762 | 1100.3071 | 1165.0000 | 1397.0 | 0.0023 | 0.007812 | NO          | 2.318593  | 
819   | 147      | 1100.39762 | 1100.2448 | 1072.0000 | 1397.0 | 0.0026 | 0.007812 | NO          | 2.320161  | 
820   | 148      | 1100.39762 | 1100.1514 | 1067.0000 | 1397.0 | 0.0024 | 0.007812 | NO          | 2.321663  | 
821   | 149      | 1100.39762 | 1100.2252 | 1120.0000 | 1397.0 | 0.0025 | 0.007812 | NO          | 2.323228  | 
822   | 150      | 1100.39762 | 1100.3455 | 1153.0000 | 1397.0 | 0.0021 | 0.007812 | NO          | 2.324738  | 
