Iter  | Wout Imp | LB         | Lagr Cost | Real Cost | UB     | Step   | Lambda   | Feasibility | Time      | 
1     | 0        | 35420.0000 | 35420.000 | 35420.000 | 70665. | 0.0000 | 2.000000 | NO          | 0.186053  | 
2     | 1        | 35420.0000 | 23169.618 | 35420.000 | 70665. | 49.198 | 2.000000 | NO          | 0.223579  | 
3     | 2        | 35420.0000 | 11064.928 | 35420.000 | 39358. | 71.166 | 2.000000 | NO          | 0.244415  | 
4     | 3        | 35420.0000 | 7455.9243 | 35508.000 | 39204. | 26.407 | 2.000000 | NO          | 0.259154  | 
5     | 4        | 35420.0000 | 7706.0343 | 36036.000 | 38368. | 25.908 | 2.000000 | NO          | 0.271940  | 
6     | 5        | 35420.0000 | 8137.9670 | 36322.000 | 38368. | 27.679 | 2.000000 | NO          | 0.273835  | 
7     | 6        | 35420.0000 | 10326.661 | 36751.000 | 38368. | 37.084 | 2.000000 | NO          | 0.275596  | 
8     | 7        | 35420.0000 | 9528.9373 | 36729.000 | 38368. | 28.436 | 2.000000 | NO          | 0.277257  | 
9     | 8        | 35420.0000 | 9885.2386 | 36905.000 | 38368. | 23.339 | 2.000000 | NO          | 0.278859  | 
10    | 9        | 35420.0000 | 11329.213 | 38467.000 | 38368. | 30.472 | 2.000000 | NO          | 0.280555  | 
11    | 10       | 35420.0000 | 11250.289 | 39435.000 | 38368. | 27.510 | 2.000000 | NO          | 0.282868  | 
12    | 11       | 35420.0000 | 10894.024 | 37961.000 | 38368. | 31.336 | 2.000000 | NO          | 0.285037  | 
13    | 12       | 35420.0000 | 12515.895 | 38379.000 | 38368. | 30.757 | 2.000000 | NO          | 0.287436  | 
14    | 13       | 35420.0000 | 12718.560 | 37213.000 | 38368. | 28.241 | 2.000000 | NO          | 0.289274  | 
15    | 14       | 35420.0000 | 13800.425 | 36949.000 | 38368. | 23.543 | 2.000000 | NO          | 0.291073  | 
16    | 15       | 35420.0000 | 13913.134 | 37323.000 | 38368. | 22.580 | 2.000000 | NO          | 0.292766  | 
17    | 16       | 35420.0000 | 13273.378 | 36311.000 | 38368. | 26.583 | 2.000000 | NO          | 0.294377  | 
18    | 17       | 35420.0000 | 11735.984 | 35805.000 | 38368. | 19.426 | 2.000000 | NO          | 0.296015  | 
19    | 18       | 35420.0000 | 14294.551 | 37763.000 | 38368. | 20.752 | 2.000000 | NO          | 0.297728  | 
20    | 19       | 35420.0000 | 15433.660 | 37895.000 | 38368. | 26.632 | 2.000000 | NO          | 0.299393  | 
21    | 20       | 35420.0000 | 15918.859 | 37631.000 | 38368. | 21.220 | 2.000000 | NO          | 0.301008  | 
22    | 1        | 35420.0000 | 17827.155 | 38467.000 | 38368. | 10.427 | 1.000000 | NO          | 0.302585  | 
23    | 2        | 35420.0000 | 20216.444 | 38181.000 | 38368. | 11.159 | 1.000000 | NO          | 0.304263  | 
24    | 3        | 35420.0000 | 21875.774 | 37763.000 | 38368. | 8.2670 | 1.000000 | NO          | 0.306294  | 
25    | 4        | 35420.0000 | 23210.255 | 37499.000 | 38368. | 9.3831 | 1.000000 | NO          | 0.308054  | 
26    | 5        | 35420.0000 | 23657.753 | 37015.000 | 38368. | 9.3699 | 1.000000 | NO          | 0.309745  | 
27    | 6        | 35420.0000 | 24925.913 | 37477.000 | 38368. | 7.9777 | 1.000000 | NO          | 0.311376  | 
28    | 7        | 35420.0000 | 26134.492 | 37829.000 | 38368. | 7.0310 | 1.000000 | NO          | 0.313094  | 
29    | 8        | 35420.0000 | 27172.919 | 37895.000 | 38368. | 5.3707 | 1.000000 | NO          | 0.314740  | 
30    | 9        | 35420.0000 | 27722.583 | 37763.000 | 38368. | 5.5323 | 1.000000 | NO          | 0.346138  | 
31    | 10       | 35420.0000 | 28466.958 | 38115.000 | 38368. | 6.4375 | 1.000000 | NO          | 0.347873  | 
32    | 11       | 35420.0000 | 28708.539 | 37917.000 | 38368. | 5.4923 | 1.000000 | NO          | 0.349649  | 
33    | 12       | 35420.0000 | 29548.144 | 37697.000 | 38368. | 3.6602 | 1.000000 | NO          | 0.352093  | 
34    | 13       | 35420.0000 | 30348.074 | 37697.000 | 38368. | 4.5494 | 1.000000 | NO          | 0.354435  | 
35    | 14       | 35420.0000 | 30959.426 | 37213.000 | 38368. | 5.2635 | 1.000000 | NO          | 0.356722  | 
36    | 15       | 35420.0000 | 31208.545 | 37213.000 | 38368. | 3.3149 | 1.000000 | NO          | 0.358573  | 
37    | 16       | 35420.0000 | 31403.603 | 37631.000 | 38368. | 3.3948 | 1.000000 | NO          | 0.360363  | 
38    | 17       | 35420.0000 | 31403.808 | 37477.000 | 38368. | 4.6099 | 1.000000 | NO          | 0.362055  | 
39    | 18       | 35420.0000 | 31672.194 | 37213.000 | 38368. | 3.6050 | 1.000000 | NO          | 0.363737  | 
40    | 19       | 35420.0000 | 31819.713 | 37411.000 | 38368. | 2.8726 | 1.000000 | NO          | 0.365412  | 
41    | 20       | 35420.0000 | 31750.785 | 37477.000 | 38368. | 3.3722 | 1.000000 | NO          | 0.367098  | 
42    | 1        | 35420.0000 | 32055.027 | 37477.000 | 38368. | 1.6380 | 0.500000 | NO          | 0.368789  | 
43    | 2        | 35420.0000 | 32475.326 | 37345.000 | 38368. | 1.2292 | 0.500000 | NO          | 0.370447  | 
44    | 3        | 35420.0000 | 33079.995 | 37147.000 | 38368. | 1.5306 | 0.500000 | NO          | 0.372125  | 
45    | 4        | 35420.0000 | 33277.873 | 37543.000 | 38368. | 1.4543 | 0.500000 | NO          | 0.373779  | 
46    | 5        | 35420.0000 | 33298.294 | 37411.000 | 38368. | 1.5115 | 0.500000 | NO          | 0.375443  | 
47    | 6        | 35420.0000 | 33480.974 | 37411.000 | 38368. | 1.2612 | 0.500000 | NO          | 0.377100  | 
48    | 7        | 35420.0000 | 33667.247 | 37411.000 | 38368. | 1.5685 | 0.500000 | NO          | 0.378782  | 
49    | 8        | 35420.0000 | 33754.529 | 37411.000 | 38368. | 1.4315 | 0.500000 | NO          | 0.380502  | 
50    | 9        | 35420.0000 | 33843.182 | 37411.000 | 38368. | 1.5177 | 0.500000 | NO          | 0.382186  | 
51    | 10       | 35420.0000 | 33915.286 | 37345.000 | 38368. | 1.1908 | 0.500000 | NO          | 0.383890  | 
52    | 11       | 35420.0000 | 34038.363 | 37213.000 | 38368. | 1.0802 | 0.500000 | NO          | 0.385543  | 
53    | 12       | 35420.0000 | 33975.032 | 37279.000 | 38368. | 1.5722 | 0.500000 | NO          | 0.387165  | 
54    | 13       | 35420.0000 | 34041.216 | 37411.000 | 38368. | 0.9260 | 0.500000 | NO          | 0.388788  | 
55    | 14       | 35420.0000 | 34140.423 | 37081.000 | 38368. | 1.3241 | 0.500000 | NO          | 0.390405  | 
56    | 15       | 35420.0000 | 34244.608 | 37213.000 | 38368. | 0.7740 | 0.500000 | NO          | 0.392040  | 
57    | 16       | 35420.0000 | 34188.635 | 37081.000 | 38368. | 0.9333 | 0.500000 | NO          | 0.393671  | 
58    | 17       | 35420.0000 | 34183.960 | 37213.000 | 38368. | 1.2030 | 0.500000 | NO          | 0.395279  | 
59    | 18       | 35420.0000 | 34307.420 | 36927.000 | 38368. | 1.0382 | 0.500000 | NO          | 0.396869  | 
60    | 19       | 35420.0000 | 34323.185 | 36795.000 | 38368. | 0.9224 | 0.500000 | NO          | 0.411942  | 
61    | 20       | 35420.0000 | 34360.268 | 36795.000 | 38368. | 0.9121 | 0.500000 | NO          | 0.413661  | 
62    | 1        | 35420.0000 | 34492.475 | 36927.000 | 38368. | 0.6105 | 0.250000 | NO          | 0.415351  | 
63    | 2        | 35420.0000 | 34584.708 | 37279.000 | 38368. | 0.6104 | 0.250000 | NO          | 0.416967  | 
64    | 3        | 35420.0000 | 34601.060 | 36927.000 | 38368. | 0.5781 | 0.250000 | NO          | 0.418552  | 
65    | 4        | 35420.0000 | 34621.032 | 36927.000 | 38368. | 0.5649 | 0.250000 | NO          | 0.420133  | 
66    | 5        | 35420.0000 | 34677.059 | 36927.000 | 38368. | 0.4330 | 0.250000 | NO          | 0.421738  | 
67    | 6        | 35420.0000 | 34720.233 | 37213.000 | 38368. | 0.6163 | 0.250000 | NO          | 0.423334  | 
68    | 7        | 35420.0000 | 34766.824 | 37213.000 | 38368. | 0.5431 | 0.250000 | NO          | 0.424923  | 
69    | 8        | 35420.0000 | 34728.223 | 37213.000 | 38368. | 0.5243 | 0.250000 | NO          | 0.426510  | 
70    | 9        | 35420.0000 | 34796.488 | 37213.000 | 38368. | 0.4327 | 0.250000 | NO          | 0.428082  | 
71    | 10       | 35420.0000 | 34802.399 | 36927.000 | 38368. | 0.4892 | 0.250000 | NO          | 0.429667  | 
72    | 11       | 35420.0000 | 34826.849 | 36927.000 | 38368. | 0.4545 | 0.250000 | NO          | 0.431266  | 
73    | 12       | 35420.0000 | 34835.790 | 36927.000 | 38368. | 0.4146 | 0.250000 | NO          | 0.432871  | 
74    | 13       | 35420.0000 | 34854.310 | 36927.000 | 38368. | 0.5656 | 0.250000 | NO          | 0.434454  | 
75    | 14       | 35420.0000 | 34836.533 | 36993.000 | 38368. | 0.4615 | 0.250000 | NO          | 0.436057  | 
76    | 15       | 35420.0000 | 34846.043 | 37213.000 | 38368. | 0.5463 | 0.250000 | NO          | 0.437638  | 
77    | 16       | 35420.0000 | 34886.007 | 37213.000 | 38368. | 0.5905 | 0.250000 | NO          | 0.439220  | 
78    | 17       | 35420.0000 | 34874.186 | 37213.000 | 38368. | 0.6396 | 0.250000 | NO          | 0.440803  | 
79    | 18       | 35420.0000 | 34907.861 | 36927.000 | 38368. | 0.4472 | 0.250000 | NO          | 0.442379  | 
80    | 19       | 35420.0000 | 34900.441 | 37213.000 | 38368. | 0.5158 | 0.250000 | NO          | 0.443945  | 
81    | 20       | 35420.0000 | 34900.771 | 37213.000 | 38368. | 0.5102 | 0.250000 | NO          | 0.445530  | 
82    | 1        | 35420.0000 | 34971.044 | 37213.000 | 38368. | 0.2447 | 0.125000 | NO          | 0.447110  | 
83    | 2        | 35420.0000 | 35028.052 | 37279.000 | 38368. | 0.2639 | 0.125000 | NO          | 0.448685  | 
84    | 3        | 35420.0000 | 35065.643 | 37213.000 | 38368. | 0.3389 | 0.125000 | NO          | 0.450239  | 
85    | 4        | 35420.0000 | 35080.604 | 36927.000 | 38368. | 0.2802 | 0.125000 | NO          | 0.451809  | 
86    | 5        | 35420.0000 | 35084.228 | 36927.000 | 38368. | 0.2879 | 0.125000 | NO          | 0.453373  | 
87    | 6        | 35420.0000 | 35101.720 | 36927.000 | 38368. | 0.3111 | 0.125000 | NO          | 0.454962  | 
88    | 7        | 35420.0000 | 35099.028 | 36927.000 | 38368. | 0.2521 | 0.125000 | NO          | 0.456528  | 
89    | 8        | 35420.0000 | 35133.287 | 36927.000 | 38368. | 0.2261 | 0.125000 | NO          | 0.458122  | 
90    | 9        | 35420.0000 | 35129.743 | 36927.000 | 38368. | 0.2434 | 0.125000 | NO          | 0.492551  | 
91    | 10       | 35420.0000 | 35106.494 | 37213.000 | 38368. | 0.3000 | 0.125000 | NO          | 0.494335  | 
92    | 11       | 35420.0000 | 35122.018 | 37213.000 | 38368. | 0.2496 | 0.125000 | NO          | 0.496141  | 
93    | 12       | 35420.0000 | 35130.016 | 36927.000 | 38368. | 0.2721 | 0.125000 | NO          | 0.498216  | 
94    | 13       | 35420.0000 | 35145.642 | 36927.000 | 38368. | 0.2282 | 0.125000 | NO          | 0.500351  | 
95    | 14       | 35420.0000 | 35153.399 | 36927.000 | 38368. | 0.3240 | 0.125000 | NO          | 0.502803  | 
96    | 15       | 35420.0000 | 35144.910 | 37213.000 | 38368. | 0.2735 | 0.125000 | NO          | 0.504671  | 
97    | 16       | 35420.0000 | 35161.345 | 37213.000 | 38368. | 0.2739 | 0.125000 | NO          | 0.506501  | 
98    | 17       | 35420.0000 | 35159.612 | 36927.000 | 38368. | 0.2714 | 0.125000 | NO          | 0.508201  | 
99    | 18       | 35420.0000 | 35142.124 | 36927.000 | 38368. | 0.2802 | 0.125000 | NO          | 0.509881  | 
100   | 19       | 35420.0000 | 35161.756 | 36927.000 | 38368. | 0.2289 | 0.125000 | NO          | 0.511528  | 
101   | 20       | 35420.0000 | 35163.626 | 37213.000 | 38368. | 0.2852 | 0.125000 | NO          | 0.513203  | 
