Iter  | Wout Imp | LB         | Lagr Cost | Real Cost | UB     | Step   | Lambda   | Feasibility | Time      | 
1     | 0        | 0.000000   | 0.000000  | 0.000000  | 40.000 | 0.0000 | 2.000000 | NO          | 0.031183  | 
2     | 0        | 0.187710   | 0.187710  | 0.000000  | 40.000 | 0.0004 | 2.000000 | NO          | 0.032265  | 
3     | 0        | 0.253318   | 0.253318  | 0.000000  | 40.000 | 0.0005 | 2.000000 | NO          | 0.033439  | 
4     | 0        | 0.359032   | 0.359032  | 0.000000  | 40.000 | 0.0005 | 2.000000 | NO          | 0.034764  | 
5     | 0        | 0.464390   | 0.464390  | 0.000000  | 40.000 | 0.0005 | 2.000000 | NO          | 0.036411  | 
6     | 0        | 0.515084   | 0.515084  | 0.000000  | 40.000 | 0.0005 | 2.000000 | NO          | 0.037962  | 
7     | 0        | 0.639378   | 0.639378  | 0.000000  | 40.000 | 0.0005 | 2.000000 | NO          | 0.039686  | 
8     | 0        | 0.715705   | 0.715705  | 0.000000  | 40.000 | 0.0005 | 2.000000 | NO          | 0.041692  | 
9     | 0        | 0.807302   | 0.807302  | 0.000000  | 40.000 | 0.0005 | 2.000000 | NO          | 0.043015  | 
10    | 0        | 0.914634   | 0.914634  | 0.000000  | 40.000 | 0.0005 | 2.000000 | NO          | 0.044740  | 
11    | 0        | 1.003267   | 1.003267  | 0.000000  | 40.000 | 0.0005 | 2.000000 | NO          | 0.045806  | 
12    | 0        | 1.100510   | 1.100510  | 0.000000  | 40.000 | 0.0005 | 2.000000 | NO          | 0.046839  | 
13    | 0        | 1.172496   | 1.172496  | 0.000000  | 40.000 | 0.0005 | 2.000000 | NO          | 0.047872  | 
14    | 0        | 1.271964   | 1.271964  | 0.000000  | 40.000 | 0.0005 | 2.000000 | NO          | 0.050063  | 
15    | 0        | 1.367192   | 1.367192  | 0.000000  | 40.000 | 0.0005 | 2.000000 | NO          | 0.052319  | 
16    | 0        | 1.461285   | 1.461285  | 0.000000  | 40.000 | 0.0005 | 2.000000 | NO          | 0.054264  | 
17    | 0        | 1.545022   | 1.545022  | 0.000000  | 40.000 | 0.0005 | 2.000000 | NO          | 0.055999  | 
18    | 0        | 1.630900   | 1.630900  | 0.000000  | 40.000 | 0.0005 | 2.000000 | NO          | 0.058033  | 
19    | 0        | 1.725596   | 1.725596  | 0.000000  | 40.000 | 0.0005 | 2.000000 | NO          | 0.059641  | 
20    | 0        | 1.828681   | 1.828681  | 0.000000  | 40.000 | 0.0005 | 2.000000 | NO          | 0.060721  | 
21    | 0        | 1.911158   | 1.911158  | 0.000000  | 40.000 | 0.0005 | 2.000000 | NO          | 0.061753  | 
22    | 0        | 1.962666   | 1.962666  | 0.000000  | 40.000 | 0.0005 | 2.000000 | NO          | 0.062771  | 
23    | 0        | 2.068230   | 2.068230  | 0.000000  | 40.000 | 0.0005 | 2.000000 | NO          | 0.063836  | 
24    | 0        | 2.170300   | 2.170300  | 0.000000  | 40.000 | 0.0005 | 2.000000 | NO          | 0.064826  | 
25    | 0        | 2.263849   | 2.263849  | 0.000000  | 40.000 | 0.0005 | 2.000000 | NO          | 0.065985  | 
26    | 0        | 2.349552   | 2.349552  | 0.000000  | 40.000 | 0.0005 | 2.000000 | NO          | 0.067605  | 
27    | 0        | 2.394493   | 2.394493  | 0.000000  | 40.000 | 0.0005 | 2.000000 | NO          | 0.069228  | 
28    | 0        | 2.515430   | 2.515430  | 0.000000  | 40.000 | 0.0005 | 2.000000 | NO          | 0.070598  | 
29    | 0        | 2.597240   | 2.597240  | 0.000000  | 40.000 | 0.0005 | 2.000000 | NO          | 0.071720  | 
30    | 0        | 2.692706   | 2.692706  | 0.000000  | 15.000 | 0.0005 | 2.000000 | NO          | 0.073495  | 
31    | 0        | 2.727708   | 2.727708  | 0.000000  | 15.000 | 0.0001 | 2.000000 | NO          | 0.074506  | 
32    | 0        | 2.758008   | 2.758008  | 0.000000  | 15.000 | 0.0001 | 2.000000 | NO          | 0.075528  | 
33    | 0        | 2.790215   | 2.790215  | 0.000000  | 15.000 | 0.0001 | 2.000000 | NO          | 0.076580  | 
34    | 0        | 2.822894   | 2.822894  | 0.000000  | 15.000 | 0.0001 | 2.000000 | NO          | 0.077566  | 
35    | 0        | 2.850594   | 2.850594  | 0.000000  | 15.000 | 0.0001 | 2.000000 | NO          | 0.078498  | 
36    | 0        | 2.877927   | 2.877927  | 0.000000  | 15.000 | 0.0001 | 2.000000 | NO          | 0.079533  | 
37    | 0        | 2.910636   | 2.910636  | 0.000000  | 15.000 | 0.0001 | 2.000000 | NO          | 0.080572  | 
38    | 0        | 2.937656   | 2.937656  | 0.000000  | 15.000 | 0.0001 | 2.000000 | NO          | 0.082029  | 
39    | 0        | 2.966777   | 2.966777  | 0.000000  | 15.000 | 0.0001 | 2.000000 | NO          | 0.083465  | 
40    | 0        | 2.997077   | 2.997077  | 0.000000  | 15.000 | 0.0001 | 2.000000 | NO          | 0.084624  | 
41    | 0        | 3.023122   | 3.023122  | 0.000000  | 15.000 | 0.0001 | 2.000000 | NO          | 0.085869  | 
42    | 0        | 3.042276   | 3.042276  | 0.000000  | 15.000 | 0.0001 | 2.000000 | NO          | 0.087148  | 
43    | 0        | 3.074239   | 3.074239  | 0.000000  | 15.000 | 0.0001 | 2.000000 | NO          | 0.088644  | 
44    | 0        | 3.102597   | 3.102597  | 0.000000  | 15.000 | 0.0001 | 2.000000 | NO          | 0.089710  | 
45    | 0        | 3.127581   | 3.127581  | 0.000000  | 15.000 | 0.0001 | 2.000000 | NO          | 0.090744  | 
46    | 0        | 3.156026   | 3.156026  | 0.000000  | 15.000 | 0.0001 | 2.000000 | NO          | 0.091789  | 
47    | 0        | 3.188665   | 3.188665  | 0.000000  | 15.000 | 0.0001 | 2.000000 | NO          | 0.092795  | 
48    | 0        | 3.218790   | 3.218790  | 0.000000  | 15.000 | 0.0001 | 2.000000 | NO          | 0.093791  | 
49    | 0        | 3.238733   | 3.238733  | 0.000000  | 15.000 | 0.0001 | 2.000000 | NO          | 0.094748  | 
50    | 0        | 3.266491   | 3.266491  | 0.000000  | 15.000 | 0.0001 | 2.000000 | NO          | 0.095666  | 
51    | 0        | 3.298373   | 3.298373  | 0.000000  | 15.000 | 0.0001 | 2.000000 | NO          | 0.096578  | 
52    | 0        | 3.323442   | 3.323442  | 0.000000  | 15.000 | 0.0001 | 2.000000 | NO          | 0.097500  | 
53    | 0        | 3.353539   | 3.353539  | 0.000000  | 15.000 | 0.0001 | 2.000000 | NO          | 0.098400  | 
54    | 0        | 3.369609   | 3.369609  | 0.000000  | 15.000 | 0.0001 | 2.000000 | NO          | 0.099294  | 
55    | 0        | 3.401794   | 3.401794  | 0.000000  | 15.000 | 0.0001 | 2.000000 | NO          | 0.100196  | 
56    | 0        | 3.432032   | 3.432032  | 0.000000  | 15.000 | 0.0001 | 2.000000 | NO          | 0.101060  | 
57    | 0        | 3.449886   | 3.449886  | 0.000000  | 15.000 | 0.0001 | 2.000000 | NO          | 0.101965  | 
58    | 0        | 3.483681   | 3.483681  | 0.000000  | 15.000 | 0.0001 | 2.000000 | NO          | 0.102957  | 
59    | 0        | 3.512772   | 3.512772  | 0.000000  | 15.000 | 0.0001 | 2.000000 | NO          | 0.103911  | 
60    | 0        | 3.537965   | 3.537965  | 0.000000  | 15.000 | 0.0001 | 2.000000 | NO          | 0.105550  | 
61    | 0        | 3.560790   | 3.560790  | 0.000000  | 15.000 | 0.0001 | 2.000000 | NO          | 0.106565  | 
62    | 0        | 3.589229   | 3.589229  | 0.000000  | 15.000 | 0.0001 | 2.000000 | NO          | 0.107937  | 
63    | 0        | 3.617782   | 3.617782  | 0.000000  | 15.000 | 0.0001 | 2.000000 | NO          | 0.108950  | 
64    | 0        | 3.646328   | 3.646328  | 0.000000  | 15.000 | 0.0001 | 2.000000 | NO          | 0.109807  | 
65    | 0        | 3.672434   | 3.672434  | 0.000000  | 15.000 | 0.0001 | 2.000000 | NO          | 0.110701  | 
66    | 0        | 3.699798   | 3.699798  | 0.000000  | 15.000 | 0.0001 | 2.000000 | NO          | 0.111558  | 
67    | 0        | 3.716779   | 3.716779  | 0.000000  | 15.000 | 0.0001 | 2.000000 | NO          | 0.112380  | 
68    | 0        | 3.747595   | 3.747595  | 0.000000  | 15.000 | 0.0001 | 2.000000 | NO          | 0.113229  | 
69    | 0        | 3.777411   | 3.777411  | 0.000000  | 15.000 | 0.0001 | 2.000000 | NO          | 0.114004  | 
70    | 0        | 3.794673   | 3.794673  | 0.000000  | 15.000 | 0.0001 | 2.000000 | NO          | 0.114797  | 
71    | 0        | 3.824506   | 3.824506  | 0.000000  | 15.000 | 0.0001 | 2.000000 | NO          | 0.115602  | 
72    | 0        | 3.854093   | 3.854093  | 0.000000  | 15.000 | 0.0001 | 2.000000 | NO          | 0.116408  | 
73    | 0        | 3.883547   | 3.883547  | 0.000000  | 15.000 | 0.0001 | 2.000000 | NO          | 0.117187  | 
74    | 0        | 3.904048   | 3.904048  | 0.000000  | 15.000 | 0.0001 | 2.000000 | NO          | 0.117991  | 
75    | 0        | 3.929159   | 3.929159  | 0.000000  | 15.000 | 0.0001 | 2.000000 | NO          | 0.118774  | 
76    | 0        | 3.952732   | 3.952732  | 0.000000  | 15.000 | 0.0001 | 2.000000 | NO          | 0.119541  | 
77    | 0        | 3.984190   | 3.984190  | 0.000000  | 15.000 | 0.0001 | 2.000000 | NO          | 0.120323  | 
78    | 0        | 4.008963   | 4.008963  | 0.000000  | 15.000 | 0.0001 | 2.000000 | NO          | 0.121122  | 
79    | 0        | 4.035696   | 4.035696  | 0.000000  | 15.000 | 0.0001 | 2.000000 | NO          | 0.121888  | 
80    | 0        | 4.053183   | 4.053183  | 0.000000  | 15.000 | 0.0001 | 2.000000 | NO          | 0.122633  | 
81    | 0        | 4.082745   | 4.082745  | 0.000000  | 15.000 | 0.0001 | 2.000000 | NO          | 0.123398  | 
82    | 0        | 4.110393   | 4.110393  | 0.000000  | 15.000 | 0.0001 | 2.000000 | NO          | 0.124148  | 
83    | 0        | 4.134216   | 4.134216  | 0.000000  | 15.000 | 0.0001 | 2.000000 | NO          | 0.124920  | 
84    | 0        | 4.163934   | 4.163934  | 0.000000  | 15.000 | 0.0001 | 2.000000 | NO          | 0.125665  | 
85    | 0        | 4.187107   | 4.187107  | 0.000000  | 15.000 | 0.0001 | 2.000000 | NO          | 0.126432  | 
86    | 0        | 4.206318   | 4.206318  | 0.000000  | 15.000 | 0.0001 | 2.000000 | NO          | 0.127206  | 
87    | 0        | 4.234439   | 4.234439  | 0.000000  | 15.000 | 0.0001 | 2.000000 | NO          | 0.128153  | 
88    | 0        | 4.259241   | 4.259241  | 0.000000  | 15.000 | 0.0001 | 2.000000 | NO          | 0.128963  | 
89    | 0        | 4.281613   | 4.281613  | 0.000000  | 15.000 | 0.0001 | 2.000000 | NO          | 0.129754  | 
90    | 0        | 4.308646   | 4.308646  | 0.000000  | 15.000 | 0.0001 | 2.000000 | NO          | 0.131454  | 
91    | 0        | 4.334711   | 4.334711  | 0.000000  | 15.000 | 0.0001 | 2.000000 | NO          | 0.132517  | 
92    | 0        | 4.362960   | 4.362960  | 0.000000  | 15.000 | 0.0001 | 2.000000 | NO          | 0.133823  | 
93    | 0        | 4.383444   | 4.383444  | 0.000000  | 15.000 | 0.0001 | 2.000000 | NO          | 0.134924  | 
94    | 0        | 4.407365   | 4.407365  | 0.000000  | 15.000 | 0.0001 | 2.000000 | NO          | 0.135734  | 
95    | 0        | 4.431317   | 4.431317  | 0.000000  | 15.000 | 0.0001 | 2.000000 | NO          | 0.136533  | 
96    | 0        | 4.456109   | 4.456109  | 0.000000  | 15.000 | 0.0001 | 2.000000 | NO          | 0.137333  | 
97    | 0        | 4.483684   | 4.483684  | 0.000000  | 15.000 | 0.0001 | 2.000000 | NO          | 0.138152  | 
98    | 0        | 4.511045   | 4.511045  | 0.000000  | 15.000 | 0.0001 | 2.000000 | NO          | 0.138957  | 
99    | 0        | 4.531247   | 4.531247  | 0.000000  | 15.000 | 0.0001 | 2.000000 | NO          | 0.139777  | 
100   | 0        | 4.548805   | 4.548805  | 0.000000  | 15.000 | 0.0001 | 2.000000 | NO          | 0.140590  | 
101   | 0        | 4.576669   | 4.576669  | 0.000000  | 15.000 | 0.0001 | 2.000000 | NO          | 0.141403  | 
102   | 0        | 4.604731   | 4.604731  | 0.000000  | 15.000 | 0.0001 | 2.000000 | NO          | 0.142239  | 
103   | 0        | 4.630946   | 4.630946  | 0.000000  | 15.000 | 0.0001 | 2.000000 | NO          | 0.143046  | 
104   | 0        | 4.655037   | 4.655037  | 0.000000  | 15.000 | 0.0001 | 2.000000 | NO          | 0.143897  | 
105   | 0        | 4.680550   | 4.680550  | 0.000000  | 15.000 | 0.0001 | 2.000000 | NO          | 0.144679  | 
106   | 0        | 4.693701   | 4.693701  | 0.000000  | 15.000 | 0.0001 | 2.000000 | NO          | 0.145449  | 
107   | 0        | 4.723855   | 4.723855  | 0.000000  | 15.000 | 0.0001 | 2.000000 | NO          | 0.146236  | 
108   | 0        | 4.747098   | 4.747098  | 0.000000  | 15.000 | 0.0001 | 2.000000 | NO          | 0.147093  | 
109   | 0        | 4.774735   | 4.774735  | 0.000000  | 15.000 | 0.0001 | 2.000000 | NO          | 0.148365  | 
110   | 0        | 4.798514   | 4.798514  | 0.000000  | 15.000 | 0.0001 | 2.000000 | NO          | 0.149701  | 
111   | 0        | 4.814108   | 4.814108  | 0.000000  | 15.000 | 0.0001 | 2.000000 | NO          | 0.151048  | 
112   | 0        | 4.843349   | 4.843349  | 0.000000  | 15.000 | 0.0001 | 2.000000 | NO          | 0.152485  | 
113   | 0        | 4.865504   | 4.865504  | 0.000000  | 15.000 | 0.0001 | 2.000000 | NO          | 0.153863  | 
114   | 1        | 4.865504   | 4.700727  | 119.00000 | 15.000 | 0.0001 | 2.000000 | NO          | 0.155267  | 
115   | 2        | 4.865504   | 2.345674  | 0.000000  | 15.000 | 0.0001 | 2.000000 | NO          | 0.156672  | 
116   | 3        | 4.865504   | 4.314994  | 0.000000  | 15.000 | 0.0001 | 2.000000 | NO          | 0.158054  | 
117   | 4        | 4.865504   | 4.360496  | 0.000000  | 15.000 | 0.0001 | 2.000000 | NO          | 0.159475  | 
118   | 5        | 4.865504   | 4.393198  | 0.000000  | 15.000 | 0.0001 | 2.000000 | NO          | 0.160827  | 
119   | 6        | 4.865504   | 4.427395  | 0.000000  | 15.000 | 0.0001 | 2.000000 | NO          | 0.162144  | 
120   | 7        | 4.865504   | 4.462456  | 0.000000  | 15.000 | 0.0001 | 2.000000 | NO          | 0.164248  | 
121   | 8        | 4.865504   | 4.495013  | 0.000000  | 15.000 | 0.0001 | 2.000000 | NO          | 0.165548  | 
122   | 9        | 4.865504   | 4.524177  | 0.000000  | 15.000 | 0.0001 | 2.000000 | NO          | 0.166833  | 
123   | 10       | 4.865504   | 4.554911  | 0.000000  | 15.000 | 0.0001 | 2.000000 | NO          | 0.168119  | 
124   | 11       | 4.865504   | 4.583169  | 0.000000  | 15.000 | 0.0001 | 2.000000 | NO          | 0.169404  | 
125   | 12       | 4.865504   | 4.608560  | 0.000000  | 15.000 | 0.0001 | 2.000000 | NO          | 0.170664  | 
126   | 13       | 4.865504   | 4.640723  | 0.000000  | 15.000 | 0.0001 | 2.000000 | NO          | 0.171923  | 
127   | 14       | 4.865504   | 4.667021  | 0.000000  | 15.000 | 0.0001 | 2.000000 | NO          | 0.173175  | 
128   | 15       | 4.865504   | 4.686420  | 0.000000  | 15.000 | 0.0001 | 2.000000 | NO          | 0.174394  | 
